0 0 0 25 0 0 0 0 0 9 0 0 0 21 0 0 8 23 2 0 0 0 19 0 0 
0 0 1 23 0 11 3 0 0 2 0 8 0 0 0 19 14 0 20 0 21 0 0 0 10 
22 0 8 0 0 1 21 0 18 0 0 23 0 0 15 25 12 0 0 3 4 0 0 7 17 
17 18 0 14 0 0 23 0 0 0 1 6 3 22 20 0 0 10 7 0 0 11 0 0 0 
12 9 7 0 0 25 14 5 4 24 2 13 0 0 18 22 0 11 0 0 20 0 23 6 0 
14 0 0 3 12 0 0 0 21 4 19 0 20 0 1 6 0 18 0 0 0 7 13 0 25 
11 0 25 0 0 13 0 22 0 14 0 9 2 0 0 15 23 0 1 21 8 0 10 0 0 
0 24 0 0 18 19 0 7 11 0 0 12 8 0 0 0 9 0 10 0 0 1 0 0 14 
10 13 9 5 0 0 0 0 25 15 22 0 18 0 0 20 0 0 0 0 11 0 0 17 0 
0 0 0 0 15 18 10 0 9 23 4 0 0 0 5 0 0 0 24 13 6 0 0 0 22 
15 0 20 0 0 6 19 0 17 22 18 5 0 0 0 0 4 1 9 0 0 10 14 13 0 
23 17 0 0 4 12 0 0 20 0 15 0 21 0 0 0 0 25 0 0 0 0 0 0 5 
0 2 6 8 10 0 0 0 0 18 14 16 0 13 12 11 0 0 0 0 23 25 22 4 0 
7 0 0 0 0 0 0 25 0 0 0 0 10 0 22 0 17 0 0 23 18 0 0 2 15 
0 5 18 22 0 0 2 23 24 0 0 0 0 8 7 13 15 0 12 14 0 0 21 0 20 
13 0 0 0 23 17 8 0 0 0 24 0 0 0 10 7 11 0 21 2 16 0 0 0 0 
0 14 0 0 17 0 0 0 0 11 0 0 1 0 6 4 13 0 0 0 0 23 8 24 7 
20 0 0 2 0 0 6 0 16 0 0 0 7 18 0 0 19 17 0 24 25 0 0 5 0 
0 0 11 0 6 5 24 0 10 7 0 0 16 17 0 12 0 15 0 8 0 0 1 0 19 
19 0 16 24 0 0 0 4 0 12 9 0 11 0 8 1 6 0 0 0 10 13 0 0 2 
0 12 5 0 7 0 0 13 0 10 6 0 0 24 23 21 20 3 25 1 0 0 9 22 16 
0 0 0 9 0 0 12 16 0 0 8 21 22 1 3 0 0 0 15 0 0 17 0 18 13 
3 15 0 0 25 2 0 0 1 5 12 0 0 20 0 0 7 0 22 16 0 0 6 0 11 
16 0 0 0 22 0 15 0 23 17 0 0 0 4 0 9 0 0 11 18 0 3 24 0 0 
0 0 4 0 0 0 18 11 8 0 0 2 0 0 0 5 0 0 0 0 0 15 0 0 0 