0 0 0 12 16 1 9 18 6 8 0 0 5 21 0 7 0 23 0 4 0 13 0 15 24 
7 24 0 20 0 15 5 3 21 2 0 0 6 8 13 0 12 25 0 19 0 9 22 0 0 
8 0 15 0 0 0 0 0 19 11 3 0 2 22 0 0 0 20 0 13 25 16 0 18 1 
2 13 22 14 5 0 17 25 0 24 7 18 1 15 0 0 3 0 0 0 12 4 0 0 0 
0 19 25 1 4 0 10 22 7 14 0 23 24 0 0 0 18 11 15 8 3 0 0 21 0 
0 12 0 2 23 25 18 0 0 22 0 0 3 0 0 0 16 21 0 24 0 0 0 14 6 
0 0 0 0 0 21 0 17 0 1 14 22 16 0 0 9 20 12 0 0 0 11 10 5 0 
0 11 14 18 0 0 0 9 16 0 24 0 0 4 0 19 23 0 3 0 22 0 15 0 21 
0 0 5 0 0 11 20 6 0 0 0 17 0 23 18 0 14 0 2 0 24 25 0 19 0 
0 0 0 0 0 0 15 14 0 19 0 8 20 9 11 17 0 18 13 0 0 23 4 3 7 
0 0 11 10 21 18 19 0 13 0 0 0 22 14 0 0 6 0 17 0 0 20 8 16 25 
1 0 9 17 2 22 11 12 10 3 19 20 7 24 23 0 0 0 25 0 0 0 21 0 18 
19 22 0 23 25 14 8 0 0 0 0 13 15 17 0 10 5 9 20 21 11 3 0 0 4 
0 14 0 16 0 20 0 15 0 0 0 5 8 0 0 13 2 19 11 0 0 0 0 22 9 
3 0 0 13 20 2 0 4 0 0 0 11 9 0 0 15 24 22 7 0 5 19 0 0 17 
0 0 0 0 0 3 0 8 0 17 0 16 0 0 0 20 15 5 12 23 0 0 13 4 19 
0 6 0 0 11 7 16 0 0 12 17 3 13 18 9 0 0 14 22 2 0 5 24 0 15 
25 21 0 9 24 5 22 20 0 4 0 0 0 0 0 0 13 3 0 0 0 0 6 0 11 
0 7 12 15 0 10 21 24 9 0 0 14 4 0 22 1 19 0 0 0 0 2 20 0 3 
0 16 0 5 0 23 6 0 0 0 10 2 0 20 12 24 7 4 9 0 0 0 0 0 0 
0 3 1 0 10 0 25 2 12 15 23 6 17 0 8 22 11 0 21 5 20 0 19 0 14 
0 8 6 24 14 0 4 1 23 0 9 15 0 0 20 3 0 2 18 16 13 21 17 11 22 
0 23 2 0 0 0 0 0 0 0 4 0 0 0 10 14 1 13 19 7 15 8 0 9 16 
0 0 0 0 0 17 13 0 0 5 0 19 0 16 3 0 0 10 0 0 0 12 0 0 2 
0 0 18 0 19 8 0 21 14 16 0 24 0 25 0 0 9 0 0 15 1 0 0 0 0 