0 0 7 0 0 20 14 13 0 24 21 19 12 18 0 9 0 16 0 0 0 0 0 0 5 
11 20 25 0 14 23 22 0 4 0 3 0 0 9 13 10 0 0 0 7 21 0 19 0 12 
13 0 0 3 0 0 1 10 0 18 0 0 0 0 0 0 22 0 0 14 0 0 0 7 23 
0 15 6 0 21 17 25 16 11 0 8 0 7 0 0 0 23 0 0 24 0 22 18 14 0 
8 0 0 22 18 0 0 0 21 0 0 14 0 0 24 0 0 0 1 5 9 0 16 17 0 
3 0 2 0 7 0 19 23 13 22 0 0 0 1 25 24 16 6 0 17 0 14 0 0 8 
24 25 0 9 12 2 0 17 14 0 16 0 0 0 6 7 21 0 0 23 0 19 0 0 0 
0 0 19 0 16 5 21 0 0 6 0 2 23 0 0 0 3 0 0 0 24 20 0 13 0 
0 0 22 0 0 0 0 25 15 20 0 9 13 0 3 0 0 0 0 19 0 0 5 12 7 
17 0 20 6 0 0 0 0 18 3 7 0 0 0 0 0 0 0 0 0 0 0 0 0 0 
0 0 0 8 0 3 6 1 0 12 0 0 10 0 23 20 0 0 0 16 19 17 22 15 0 
0 22 0 0 1 0 8 19 0 25 0 13 0 0 0 3 0 0 0 11 0 2 0 0 0 
0 0 14 0 2 0 0 11 24 23 0 22 0 7 0 15 9 13 0 0 5 0 12 0 0 
0 0 0 16 0 14 0 0 0 2 0 0 0 11 0 18 0 12 17 0 20 0 0 24 0 
0 18 4 24 5 9 0 0 0 17 12 0 8 0 0 22 0 14 19 6 0 1 0 0 0 
0 0 0 0 0 0 0 0 0 0 0 0 0 0 15 16 7 0 0 0 0 5 9 0 20 
2 9 24 0 0 16 0 0 0 0 20 0 18 13 0 19 6 10 0 0 0 0 3 0 0 
0 10 0 14 4 0 0 0 6 0 0 0 17 16 0 25 0 0 12 21 13 0 23 0 0 
0 0 0 23 0 10 0 0 5 4 11 0 0 0 12 0 8 9 0 3 7 15 0 22 19 
5 0 0 7 0 22 0 15 19 21 9 23 0 0 0 17 4 2 18 0 12 0 10 0 1 
0 7 5 0 6 21 23 0 0 0 25 0 0 10 0 0 12 0 0 0 11 9 0 0 24 
0 23 15 13 0 11 0 0 8 0 0 0 4 0 14 0 19 20 3 1 17 0 25 2 0 
22 8 0 0 0 6 0 0 17 0 0 0 0 0 0 23 0 24 7 0 0 12 0 0 15 
12 0 17 0 25 13 0 0 0 16 1 3 0 0 7 0 14 0 11 10 4 0 8 18 21 
16 0 0 0 0 0 0 12 0 19 0 24 22 21 17 8 0 15 4 9 0 0 1 0 0 