9 21 0 0 2 8 1 0 0 0 0 12 7 0 0 10 0 0 0 0 16 0 20 13 24 
0 0 11 13 0 0 16 22 5 0 0 4 0 0 0 0 3 20 6 0 0 0 0 2 18 
0 0 0 5 0 0 0 7 0 21 0 0 19 0 18 2 12 0 0 0 0 11 6 0 0 
10 0 1 6 14 0 11 0 20 0 0 16 2 25 0 0 8 0 0 0 0 0 19 21 0 
22 8 0 18 0 0 0 12 6 0 13 0 21 9 0 0 0 0 0 24 0 10 0 5 0 
23 0 13 0 17 0 0 19 0 15 18 0 3 5 6 0 16 0 0 0 7 20 0 11 8 
0 16 0 0 0 0 0 0 22 0 19 0 15 0 20 7 23 0 0 0 13 0 0 0 1 
0 0 10 0 0 4 8 14 0 0 0 11 16 7 0 0 0 21 0 18 0 23 17 24 0 
14 0 15 0 22 20 0 0 16 1 0 24 0 0 0 0 5 17 0 9 0 0 18 3 0 
0 0 8 20 9 11 0 0 0 7 2 0 13 0 23 0 0 25 1 3 5 0 15 10 4 
3 15 24 22 0 10 7 0 0 4 20 23 0 0 0 0 25 14 21 0 0 0 0 12 13 
4 18 0 0 16 0 19 2 0 0 0 0 0 13 15 8 0 24 3 0 0 0 0 0 0 
21 19 9 0 0 0 0 24 0 0 0 25 0 11 0 0 0 4 0 0 0 0 5 15 14 
0 0 0 0 0 0 17 9 0 5 3 8 0 0 0 0 0 22 16 0 10 0 0 23 21 
1 10 0 0 0 0 21 25 3 0 0 0 0 17 14 6 0 0 12 13 0 22 2 9 19 
8 1 19 0 7 25 18 21 0 0 14 0 24 0 4 3 0 0 0 11 20 15 10 0 0 
0 20 3 0 0 12 0 11 10 0 0 0 0 18 0 15 24 0 0 6 17 0 21 0 7 
0 25 17 9 0 5 0 6 0 0 0 10 22 20 0 0 0 16 14 21 0 0 23 0 0 
24 0 0 0 21 0 0 0 4 17 11 0 6 0 7 0 20 0 0 0 0 0 0 8 0 
16 13 0 10 18 0 0 0 23 0 17 15 8 0 3 25 0 5 0 0 4 0 11 0 2 
0 11 0 1 0 3 0 0 0 0 0 18 20 0 8 0 6 23 0 0 0 5 0 25 16 
0 9 7 0 0 0 0 0 17 0 0 3 14 15 0 0 13 0 2 0 22 4 12 0 11 
0 0 21 8 0 0 0 0 19 12 10 0 23 0 0 17 0 3 0 0 0 6 0 0 0 
25 3 0 0 0 0 6 13 18 0 0 0 0 24 0 0 19 1 8 0 0 2 7 0 0 
18 14 20 0 24 0 0 0 0 25 0 0 11 4 0 0 0 0 15 7 19 0 0 17 3 