0 5 0 0 22 17 0 0 0 0 0 0 0 10 0 0 2 0 0 0 9 19 0 0 0 
17 0 0 11 3 0 14 24 0 0 0 0 0 25 13 21 8 22 0 5 0 0 23 1 0 
15 0 21 0 20 0 0 16 0 0 24 1 6 4 12 25 0 0 23 3 7 0 0 0 17 
8 0 0 0 9 18 0 0 11 20 7 0 0 0 19 4 12 1 13 0 0 0 0 0 25 
7 16 0 0 25 0 0 0 21 1 3 17 23 0 0 0 0 11 10 18 2 22 4 0 0 
11 12 0 0 10 0 4 0 0 6 1 5 17 0 22 0 21 15 0 7 24 2 0 0 9 
14 9 1 0 0 11 5 0 20 24 0 0 15 0 6 0 0 3 0 19 0 12 0 0 0 
0 0 2 21 0 0 0 0 0 0 0 3 0 0 0 10 0 0 11 0 0 0 15 0 0 
4 0 0 0 15 0 25 0 0 22 0 0 0 0 8 0 20 0 0 9 16 3 0 0 0 
0 20 0 0 8 0 10 2 0 0 18 0 0 0 0 5 0 0 0 13 21 6 0 14 11 
19 0 0 0 7 0 0 21 6 0 0 10 0 2 4 24 18 0 0 12 0 0 0 5 3 
0 23 18 0 0 16 0 0 14 8 25 19 5 0 1 0 4 13 0 0 0 0 0 0 0 
5 0 11 0 0 22 19 1 13 25 0 6 3 18 0 8 17 21 20 15 0 0 9 0 2 
0 0 0 0 0 0 0 18 10 0 21 0 9 16 11 23 6 0 0 1 0 0 19 17 0 
21 3 0 0 0 5 0 0 7 11 17 8 0 22 0 0 14 10 0 0 18 0 0 0 6 
6 13 0 12 11 19 0 0 0 2 0 0 0 0 25 0 0 5 4 0 8 0 0 15 0 
0 0 0 22 19 8 0 0 4 0 5 0 0 0 0 15 0 0 24 0 20 0 0 0 18 
0 0 20 0 0 0 17 0 0 23 0 0 0 24 0 0 0 0 0 0 0 4 3 0 0 
0 0 0 4 0 24 0 6 0 0 15 0 1 0 0 20 19 0 18 16 0 0 13 12 23 
1 0 0 25 2 15 0 14 9 0 4 0 8 20 16 11 0 0 3 0 22 0 0 19 5 
0 0 5 17 1 20 8 10 0 0 0 0 12 9 24 14 15 0 0 0 13 0 0 2 22 
18 0 0 0 0 0 23 22 19 16 6 0 0 0 17 12 5 0 0 24 14 0 0 0 21 
23 0 0 0 21 13 6 0 0 14 10 7 18 3 15 0 0 19 0 0 5 0 20 0 1 
0 22 13 0 0 12 0 3 15 5 23 20 0 0 0 0 0 9 17 0 4 16 0 0 19 
0 0 0 6 14 0 0 0 1 0 0 16 0 0 0 0 0 0 0 23 10 0 0 9 0 