0 0 19 0 13 21 0 22 5 0 0 4 0 1 17 0 0 0 7 0 16 0 0 0 
0 0 0 5 14 20 0 0 0 0 7 0 13 17 23 9 0 0 0 0 19 12 18 3 21 
0 10 21 1 0 17 0 0 0 0 0 0 0 19 0 0 13 15 6 0 14 23 0 4 0 
0 0 22 0 0 16 8 14 12 6 0 0 0 24 25 0 0 10 0 0 0 0 17 0 0 
13 0 0 0 12 11 0 4 0 7 0 0 0 10 22 0 25 24 3 16 9 0 6 15 0 
5 0 20 0 0 14 1 23 0 0 17 0 0 0 6 0 18 25 0 3 0 10 7 0 0 
15 0 14 0 0 2 7 0 0 22 0 24 0 0 10 1 0 21 0 8 5 0 0 19 3 
0 0 0 17 0 0 20 0 0 10 0 0 0 0 0 11 0 0 22 5 25 24 14 0 0 
0 16 11 0 4 0 0 9 0 0 19 5 0 0 20 0 0 0 23 0 6 0 0 0 17 
22 0 19 12 0 0 0 0 3 0 0 0 7 13 0 0 9 0 4 0 0 0 0 0 23 
2 18 0 23 20 10 15 16 0 13 0 0 0 1 0 0 0 19 0 0 0 0 24 0 0 
0 15 5 6 21 0 14 24 0 0 0 0 0 4 0 25 0 18 20 9 0 0 11 0 16 
0 3 0 22 0 0 25 0 6 4 0 16 0 8 0 14 11 0 24 0 0 5 0 9 0 
4 0 10 0 0 12 23 17 0 9 0 19 0 0 0 0 0 7 5 0 13 3 22 1 0 
0 0 1 0 0 0 0 20 0 0 0 7 0 0 0 16 0 23 15 12 4 21 0 18 6 
21 0 0 0 0 0 18 0 19 0 0 10 24 0 0 0 1 0 0 0 0 17 12 0 8 
12 0 0 0 19 0 11 0 0 0 9 0 0 6 7 0 0 17 0 0 21 0 20 14 0 
0 0 8 2 17 5 16 0 0 24 0 0 0 0 0 6 0 0 7 0 0 9 0 0 0 
20 7 0 0 11 9 0 2 0 21 25 0 0 12 0 3 0 0 13 18 0 0 15 0 4 
0 0 24 9 0 7 0 12 15 0 11 0 0 0 13 0 0 14 21 23 0 0 10 0 18 
0 23 25 0 22 1 12 3 20 0 8 2 0 0 0 7 0 11 0 4 18 0 0 0 15 
0 0 13 0 0 0 0 10 0 0 22 20 0 0 0 23 24 3 16 15 0 0 9 0 0 
0 20 0 3 10 0 2 21 13 0 0 12 0 0 0 0 0 0 0 1 0 6 4 11 0 
9 1 7 8 5 0 0 0 0 18 15 4 10 0 3 0 0 0 0 20 2 14 0 0 0 
0 0 0 4 0 22 0 0 0 15 13 0 19 0 0 10 2 0 12 6 0 1 0 0 0 