0 0 0 10 0 0 12 14 0 0 0 5 3 0 0 0 
0 0 15 9 0 0 0 11 3 0 0 0 5 1 0 0 
0 0 4 5 0 0 13 0 15 0 9 0 10 11 7 0 
0 0 14 0 0 10 0 0 0 1 0 0 4 0 0 0 
6 0 0 0 16 0 0 0 0 0 0 9 0 0 0 7 
16 0 0 0 11 0 10 6 0 0 2 0 14 0 0 0 
3 0 2 0 0 13 9 0 0 0 0 15 0 0 8 11 
0 0 9 0 0 2 8 0 0 0 4 13 0 0 0 0 
2 5 0 0 0 0 0 13 0 15 1 6 7 0 0 0 
0 0 0 0 0 0 0 7 0 0 0 0 0 0 12 0 
0 8 0 0 0 0 0 0 0 0 5 0 0 0 0 13 
12 0 0 0 6 15 0 9 7 0 0 0 11 0 5 4 
10 0 0 13 1 9 16 5 0 8 0 12 0 0 11 0 
0 9 8 11 0 0 0 12 0 0 0 0 0 0 0 2 
0 0 0 12 0 0 0 0 0 3 0 7 0 15 0 1 
0 15 0 0 0 6 0 0 0 14 0 0 0 3 13 8 
