0 0 0 0 8 0 11 13 0 0 7 0 16 9 0 0 
0 0 0 6 0 0 3 2 0 16 0 0 0 0 14 0 
0 0 3 5 0 0 0 16 0 6 12 1 2 11 0 0 
0 0 0 15 0 9 0 5 0 0 0 0 0 0 0 1 
11 15 12 0 13 0 0 0 0 2 0 0 0 0 0 0 
9 0 7 0 0 15 0 0 0 0 6 11 0 0 0 5 
0 0 0 8 0 2 0 0 4 0 3 13 0 1 11 7 
0 0 10 0 4 0 0 0 0 0 0 0 0 0 12 0 
0 6 13 0 0 0 0 0 0 0 10 5 7 0 0 3 
7 5 8 0 14 0 0 0 0 0 9 16 0 10 0 0 
0 0 0 0 12 0 0 0 0 1 0 0 0 14 5 9 
0 16 4 0 10 0 0 0 0 0 0 0 0 0 13 0 
0 0 0 0 3 1 0 0 0 14 5 0 10 2 4 0 
10 0 0 1 0 0 0 15 0 0 0 2 0 8 0 0 
0 0 15 0 0 0 4 8 1 12 0 0 3 13 0 0 
0 4 0 0 9 0 14 7 15 10 0 0 6 0 0 0 