0 11 13 0 0 0 0 1 14 0 0 4 6 0 7 0 
0 15 0 0 0 14 0 3 0 0 0 0 0 2 0 5 
0 0 3 8 0 0 15 0 0 6 1 7 0 0 0 10 
0 0 1 0 0 0 8 5 0 0 0 0 15 0 9 0 
3 6 0 11 0 0 0 0 0 2 15 0 0 0 0 12 
0 0 10 9 0 15 13 0 8 0 0 0 4 16 5 0 
0 0 0 0 10 0 0 0 7 3 5 0 0 0 0 0 
0 0 0 0 2 0 9 7 0 0 0 0 0 0 14 0 
2 5 0 0 0 0 0 0 0 0 11 0 0 0 0 4 
0 0 7 4 0 0 0 0 1 14 9 0 5 0 16 0 
6 9 14 0 7 3 0 0 2 0 0 0 0 0 0 8 
0 0 0 3 0 0 6 15 13 4 0 0 2 0 0 0 
0 0 0 7 4 8 0 12 0 13 0 11 0 0 3 0 
0 0 0 0 0 9 0 14 0 0 0 0 0 7 11 2 
12 0 0 14 0 6 10 0 0 0 0 0 0 9 0 0 
0 0 4 0 0 0 0 0 0 1 0 0 0 0 0 14 