0 9 0 10 0 0 2 16 5 0 0 0 7 0 0 13 
2 0 14 0 0 0 0 0 0 13 0 0 0 0 0 6 
0 0 0 0 0 9 8 10 0 15 0 7 12 2 0 0 
0 0 16 0 0 0 0 0 6 0 11 0 0 0 10 0 
0 0 5 11 0 4 0 0 0 0 0 0 0 0 3 7 
0 0 0 0 0 8 0 0 3 0 16 0 0 0 11 0 
16 7 0 12 0 0 0 0 0 9 8 11 0 6 4 0 
0 8 4 0 11 6 0 5 2 0 0 12 15 0 9 0 
0 12 2 4 0 0 0 0 0 0 0 8 14 13 0 5 
0 0 0 7 3 0 0 4 0 0 10 0 1 0 0 0 
0 5 0 0 0 0 0 11 0 7 3 13 0 0 0 12 
0 14 0 13 0 16 7 8 0 0 5 0 0 4 0 0 
6 0 11 0 7 2 5 0 0 3 1 0 0 14 0 0 
0 0 0 15 0 0 0 0 0 0 0 0 8 7 2 0 
9 13 0 0 0 11 0 1 0 16 0 0 0 0 0 0 
0 2 0 14 0 0 15 0 0 0 0 0 0 0 0 0 