0 9 0 7 8 0 0 0 0 0 3 15 0 0 0 0 
14 0 0 0 0 0 0 0 0 2 0 0 0 13 5 1 
1 0 8 12 4 16 0 0 0 11 5 14 0 10 7 0 
0 0 0 0 0 0 0 0 0 0 0 0 15 0 0 12 
0 6 14 0 0 0 0 16 0 0 0 0 0 0 0 0 
0 1 2 0 0 9 0 0 15 0 0 0 10 7 12 0 
16 0 0 8 0 0 4 3 0 14 13 0 0 0 9 0 
9 12 5 0 1 0 0 0 0 0 11 0 0 0 0 0 
10 0 9 0 0 14 16 0 11 0 0 0 0 0 0 0 
8 0 12 2 0 0 5 0 0 7 6 0 16 0 10 0 
0 0 15 0 0 6 8 0 9 0 0 2 0 12 0 0 
7 0 0 0 2 13 0 15 14 0 1 10 0 0 0 3 
5 3 0 0 0 0 0 9 13 6 0 8 1 0 2 0 
0 10 7 13 0 2 0 0 4 0 0 0 0 5 0 9 
0 16 0 0 6 15 0 0 0 3 14 7 0 0 0 11 
11 0 0 0 0 0 3 10 0 0 0 5 0 0 15 0 