0 10 0 0 0 0 0 0 0 0 0 12 0 0 7 15 
0 0 0 15 0 0 0 0 10 14 11 0 3 16 1 0 
5 0 0 0 0 0 16 14 0 0 0 0 0 0 11 0 
0 0 0 0 3 0 0 7 0 15 13 16 14 9 0 0 
10 0 14 9 0 0 13 0 8 2 4 0 0 0 0 11 
13 0 8 0 0 6 0 0 0 0 0 15 0 0 0 4 
4 2 7 0 0 0 15 0 0 12 0 0 16 0 0 0 
0 0 3 6 11 0 8 0 7 0 0 0 2 0 12 14 
9 0 4 0 16 15 0 0 13 0 0 0 0 12 0 10 
0 0 0 0 0 0 6 0 11 0 0 0 0 8 0 0 
0 3 0 0 0 10 0 0 0 0 0 0 0 2 16 0 
0 15 11 14 7 0 0 0 0 0 12 0 1 0 13 0 
7 6 0 0 0 0 0 10 0 0 0 0 0 0 2 0 
0 0 12 0 0 14 0 9 0 1 8 0 0 0 0 0 
0 11 0 0 0 0 0 13 6 0 0 2 7 3 0 8 
0 0 0 10 4 0 2 0 0 9 3 13 0 0 0 12 