7 0 11 0 14 2 3 0 0 0 10 0 0 12 0 0 
0 0 0 8 6 0 9 0 0 0 16 0 0 0 13 0 
0 1 0 0 0 0 12 5 0 0 0 0 0 14 7 4 
0 0 16 0 0 15 0 0 0 0 0 0 0 0 3 6 
0 0 10 16 13 4 0 0 0 0 0 0 6 0 0 14 
0 0 15 0 3 8 0 6 0 9 1 12 13 16 0 0 
0 0 0 14 5 9 0 0 0 0 13 16 0 0 0 10 
4 0 0 11 0 0 2 0 0 15 0 0 3 0 0 0 
0 0 4 2 0 0 0 0 0 14 6 15 0 0 8 16 
0 15 8 7 0 5 0 14 0 0 0 13 0 1 0 0 
0 12 0 10 0 0 7 8 0 0 9 1 0 0 0 0 
0 0 13 0 10 0 0 0 0 0 2 0 0 0 9 3 
0 0 0 0 0 0 0 0 9 13 8 0 0 0 6 0 
0 14 0 0 0 3 11 0 7 0 0 6 0 9 0 8 
0 0 1 0 0 13 0 4 0 0 0 0 0 0 0 12 
8 0 7 0 0 0 0 0 10 0 11 0 14 0 0 0 