81599	26312	74935	99457	3215	53211	38205	11830	49491	79852
9834	95740	71249	46725	45588	31613	2110	90885	40401	66250
81774	14605	2635	72159	42064	7937	19898	32178	58430	40590
78261	17809	32946	93214	15470	96343	12837	66494	8973	77889
83644	24030	12672	30333	1756	82099	72447	23827	57097	957
53415	57269	35595	16165	44415	24029	17528	87178	95905	95546
70892	10747	20887	84322	30980	10496	47591	5867	58471	63156
10359	45017	34223	44971	39178	3986	75622	96073	6807	29295
90138	71096	46555	35980	73062	89098	68534	96693	30413	24462
37199	46622	97629	26784	27387	96924	56350	60580	30767	81927
43818	60144	5965	77668	58478	39190	52636	22126	93213	31574
90970	91387	57549	90313	51160	24222	90920	76380	29408	97826
13187	86608	28922	47885	85363	51915	45876	56958	70520	81364
50748	89015	5588	71559	35464	64187	93668	4630	10587	42349
67942	98936	29140	19562	60420	57227	49555	25749	73464	15816
46811	52751	65132	79775	34393	55835	28148	42910	61967	59390
3697	10909	77312	20528	18834	35069	98250	49251	56267	7220
75636	66723	24364	62132	51388	63299	65923	10498	8812	17898
60274	82567	14071	31377	12494	23808	75938	50881	51096	87379
86381	72954	70485	73977	94774	29455	62866	10783	4833	4940
62542	57994	91543	11319	82317	20108	27582	14648	10003	59306
93585	62567	31607	21294	11665	32094	36877	74200	614	58218
23675	85282	28921	97857	78416	69463	38218	69992	63478	96500
18898	76076	32772	11375	27652	47811	74947	18084	40990	47556
29064	12958	69979	43703	99045	43492	84307	45527	32140	26386
98756	70051	13534	60593	55934	90476	80122	37513	75684	54673
56110	64887	35669	93738	97533	10461	13984	90684	84547	17049
57526	35192	40140	92728	88823	94007	66850	82559	12218	6905
23149	51582	85151	53497	28785	77122	57082	69467	3012	77492
98911	35394	5079	76036	85609	61721	85751	73707	47193	92941
24779	9701	74623	77658	8710	18073	78658	37851	66226	64260
14317	71665	31111	52575	40101	13447	59907	39590	12764	38512
70213	68512	89475	62807	66985	41683	13308	42906	89812	6074
82214	14471	89728	31071	61869	14244	66768	59599	93038	73661
68931	40623	89803	11622	9102	65107	60180	40868	17773	17413
40848	42323	12862	71253	76430	93717	28395	19413	61004	82544
6137	72344	64631	8595	85291	79972	88467	75461	1049	69241
9375	83149	10304	70442	99645	63707	64263	20416	57502	30745
19167	37041	27771	6914	8401	12707	723	70313	61547	38214
13456	61535	72043	52429	22054	61679	64131	94338	9783	26879
78910	44712	64716	69557	77596	88463	14485	40451	96572	31386
11822	97326	63767	14774	75239	53602	86233	70494	27414	53795
95263	39340	18715	87141	99000	40110	92510	98459	52554	2055
67554	18195	4335	20391	92250	91411	27203	72654	3620	38055
51623	76597	33282	43181	19486	44675	37375	98616	72460	54253
6560	71180	222	41688	18808	96083	16667	88325	75342	13390
68464	33579	47573	38569	74016	95058	83872	24141	68206	50469
26846	45400	8056	66492	88103	51372	41946	60534	72758	68078
89036	51680	96248	20659	88256	52147	22471	16830	93349	92454
24215	64240	84452	82189	45928	32838	7825	60564	64826	20274
95795	27415	90663	92182	12153	49092	19472	96805	78321	36695
24082	90592	27043	45868	12128	17777	46752	74449	73589	71882
36493	63740	27507	88847	46600	64208	922	4277	33630	78051
88246	44947	83148	59904	84057	16690	11624	79427	90741	84150
88909	65947	74870	95628	17184	43750	96402	22832	74186	24704
57181	18538	63747	38237	77327	24733	86019	34721	38944	28657
64592	66915	69260	3782	70038	26949	65776	60490	97166	74270
37367	33558	49733	26296	91007	5036	36459	28619	81512	61451
335	21653	17540	86585	36683	72240	81532	56406	34467	4538
65062	25414	22522	19969	13473	15336	26289	16967	32279	28219
35138	15704	2887	61015	39275	33465	68976	89270	89380	29994
91841	13944	30434	78962	95469	63498	50790	39366	39224	72893
32417	49330	50205	30845	14578	39092	2626	50327	34235	33148
89841	57096	64261	21382	394	11927	13252	68702	57633	34878
82528	26742	1083	19244	49783	34359	57744	24741	13191	3000
94842	86030	39699	98247	19749	21856	5591	44449	49529	88512
93095	30219	92196	24574	60262	9738	1596	93232	8148	9876
92410	69664	92643	17456	6532	6493	29526	95539	9691	72889
87225	11603	23797	86747	94540	39555	22253	5804	15265	7786
51151	20335	29891	52683	82155	66601	56918	57518	23654	46214
49130	70038	23584	25193	83895	93037	57108	42613	21829	5816
18426	43250	33685	72280	94044	60046	91107	6254	93938	9486
43502	74197	82862	27261	57818	50975	48657	92010	63612	95945
62399	12253	48672	64102	90019	21633	73365	75572	11412	45535
20261	73913	15674	85018	16718	97803	5977	83668	42595	76096
57726	36778	50045	42366	6251	16838	72275	15805	14697	25929
83345	68705	48975	98959	43827	41926	9908	69856	98117	32625
42904	2136	17099	81748	65064	66851	47785	10856	69642	8243
76951	31931	76668	49287	71094	72896	25482	94540	55610	86658
37052	46124	63214	14090	69508	42664	86794	79081	19736	34290
32486	17969	4125	68435	4812	70903	21337	9025	40405	21479
92138	2672	40452	76380	19325	29781	97975	17665	88980	8235
5235	68503	7846	41319	68433	21476	91	94448	13400	51755
69270	96867	77032	17324	84335	86991	48341	88776	64299	30769
72114	35955	48429	8861	77696	37654	94699	80917	97207	98364
19485	16962	13861	73870	11674	96266	1233	58916	91610	36585
19503	77395	1470	3622	90994	3980	50371	76050	5966	29114
33913	9591	87601	36587	59809	80853	88100	41555	48567	36672
89505	58665	51501	41156	19167	43931	17704	92389	35908	55788
70457	14173	7806	53600	34871	63543	15106	12974	45470	22389
84181	77081	73859	89785	81795	38663	9823	54283	74638	68792
61878	60929	63851	99421	34323	87357	90505	69599	79544	71044
10219	86541	35517	66218	57281	78373	75847	67272	86463	61473
69590	73625	80571	81473	41594	12975	64967	34032	38362	45141
19104	76056	23015	1390	99894	37266	96649	61253	9218	86263
89723	22127	27333	92501	12713	89325	94706	52950	87521	3203
66346	67774	4867	58231	26256	91374	88049	85212	60894	9184
31483	52549	40547	11087	72216	32943	1586	21683	67446	20285
25163	34188	17358	22127	31852	34272	60753	52263	44515	57448
3291	65526	98642	46941	84302	62537	25336	76277	21600	41547
3207	6729	20717	57169	58600	97743	40656	93368	68153	86103
69254	29951	80526	6131	36815	18263	97748	19941	58228	71627
72485	86036	3983	49649	40635	16476	75421	45056	18889	51576
77114	16400	16875	90059	82375	21906	65517	56565	47702	46437
25694	15140	93973	53299	37584	19182	82849	13224	85144	98095
47010	88553	91171	41099	95466	88394	30227	38072	87661	2519
83657	62167	55736	39744	62454	71100	35579	19469	23974	21728
42152	55324	43192	30383	55997	75625	88747	9392	83564	96033
38526	36959	87861	30535	9852	84974	74426	89740	79479	61024
89683	95318	20079	21595	87932	28485	7587	62797	5454	18348
69460	58867	69706	17171	34176	15565	98193	19417	75508	30793
95407	2708	91335	18303	7839	87505	76050	68119	40772	81915
86881	1978	1110	91887	55033	63872	11906	15192	84192	76698
59905	90529	70710	44797	12127	10279	8867	63348	22088	88132
62232	31196	80357	51854	71591	32953	20479	40047	22908	60747
11115	80654	1933	41112	81537	34194	11793	10761	88928	62202
7926	95093	99407	74770	26917	41626	43342	39793	83052	79911
92256	92240	13237	52934	75874	39435	82363	21106	41398	19889
53942	69026	12045	36259	33531	15730	55206	44960	61769	26585
88952	98011	28687	36927	36378	18377	788	91529	29760	40334
7894	27633	52538	47064	54210	30697	10387	27245	33174	26276
79128	73142	34523	93216	48176	82278	42594	1136	51555	52922
63496	18538	32147	14714	93603	19966	66362	63540	6616	82057
94617	19568	7603	61597	92586	1753	79042	83124	28494	58560
42098	99535	3678	73695	13940	2875	41307	17828	52888	37650
25707	98793	59183	44679	88319	10662	95484	21407	3037	41710
98138	32960	24000	5576	55136	67254	31041	84707	15202	14171
94517	71762	46563	46101	33640	63931	89291	39806	78841	88025
44249	75005	13568	56535	36879	76308	74532	20218	50195	29669
5298	99658	85736	63925	15373	98940	36593	93521	38681	36235
92922	79871	57144	62573	39289	44042	9170	83712	27177	6149
74987	5067	30341	36176	39413	67475	81495	27129	97726	81760
9293	6628	46762	45028	73549	39719	96322	42643	62481	7899
84873	35328	29718	52587	94207	11821	24064	80584	35001	21417
76779	35465	46495	32966	33581	93804	97155	40675	22073	95139
48097	84346	51833	81494	52071	2459	56835	48246	64061	2476
31741	14596	88636	19984	77476	7321	74876	99903	19659	66998
90867	46168	17710	58816	37445	7194	35806	55881	75396	31108
5682	93640	62614	41	38827	27242	5897	3164	52805	16012
43559	72745	3273	82730	98601	36901	54315	82323	37926	45476
90402	25494	27866	15499	71694	38863	551	60424	23570	57148
45417	55438	29527	57182	47066	10596	33475	76404	26574	5333
25939	78949	38413	87012	50510	77570	66249	51015	45456	45964
75428	58257	5103	87312	99576	99198	19057	41445	27662	25625
84189	66010	20301	59252	83646	44022	31637	43119	14621	64218
28549	53852	16271	70567	66737	73244	10486	94392	49608	26305
39704	48441	81379	1694	5434	26270	80465	71868	27725	88678
79086	5552	25859	41033	10606	50306	81574	27937	83203	21515
66746	59449	68830	6662	64212	6536	8661	8641	47657	54074
34761	99481	25556	82169	61858	2401	5974	65402	40193	61971
14805	53728	6878	41481	34519	55376	68907	52666	91994	81108
84199	1274	12993	70235	52478	78418	96410	25447	47917	56612
58010	33628	21367	37717	23897	84608	15614	9877	25242	58730
55927	53902	52108	14853	765	44154	58908	18451	44816	45070
71475	48595	31495	78664	55818	32906	55728	28567	37136	17102
69442	37962	12430	64376	8480	68961	18185	80056	64293	99388
46480	48943	72580	66506	13270	98711	62225	50307	31544	90819
7314	90242	61961	63583	10323	80788	15616	87986	53749	60063
77182	69579	62572	57100	42632	64025	18772	70699	67908	54311
86560	59059	60315	28772	63034	16161	64128	93407	34927	72909
58598	57189	35158	3037	28548	87538	80812	2569	6569	9394
32175	31835	74470	69819	29335	63173	9366	35921	1218	65865
12580	8278	7832	72497	28032	54727	46330	86570	57474	79178
20886	13759	83234	82164	67907	66666	11256	67547	40506	21871
45275	8180	51167	89652	4372	98830	97813	51456	55113	17397
93929	9528	51166	96775	8291	18000	421	12438	56322	62239
28967	74241	53042	29282	8597	67287	5524	75126	15838	47286
93120	51583	15402	28443	62156	42186	54022	77120	15298	26309
93889	42242	9599	67349	91896	39347	42195	76869	88735	55155
87063	39026	21288	13193	95579	98780	64361	71866	65418	76165
3136	86926	75679	18839	20865	10869	645	54889	68543	84013
27993	96514	26228	34127	88524	63553	15768	50707	51657	56513
82764	50948	73191	55211	97187	9705	8627	93725	10223	25192
38495	46048	54286	76672	13203	91810	17155	89164	46269	38551
61406	27293	28387	38081	4007	75113	66707	77607	19601	25520
56896	35762	23467	70288	57554	85716	75110	12886	45804	91446
28560	75931	87132	99719	72194	63928	21334	18335	92442	24032
32324	24362	62366	924	46476	97976	67305	69726	76056	80546
92318	61297	8800	63333	92398	62357	9927	84700	14181	77896
31276	47944	87571	37748	7481	73066	37907	89069	16908	83736
31688	15718	2652	64619	79398	99178	2366	1379	60094	90926
44233	97708	8385	26383	32837	37833	38264	74095	5095	82337
72402	87319	64079	21684	69356	23089	48576	25987	70513	23870
99968	93611	68189	67666	52090	56195	91230	79052	56745	88467
27308	46257	48210	25222	99389	34189	1418	89492	37206	66665
87534	16603	84550	51718	60640	49315	37975	25974	66635	44534
10854	78715	78521	98108	46505	7988	76194	33933	76804	30683
60691	89553	55060	48073	74946	53352	94787	65325	45315	36087
94584	85484	56166	83889	65055	53331	2059	79355	13937	34184
72107	94307	15408	61556	69000	52753	19452	93150	69553	49963
92346	25629	41819	76139	81121	3497	12625	69980	85224	29833
27720	32747	4404	80139	94153	76973	90422	82166	85838	38340
10348	19165	38204	9946	10419	10819	13532	58779	92246	15383
93845	86122	24407	21569	26509	89623	31812	84645	23973	9162
71916	90500	96432	26173	49276	37910	8271	52502	69930	6220
11245	27782	58090	82227	57603	61243	80997	22174	76884	83679
44826	24161	23493	79666	87819	12642	75941	38774	61772	23971
69598	82989	40006	95788	53790	59630	56507	58510	71319	36880
21682	17027	73995	21558	12181	84619	59579	40411	71468	84412
10796	12165	58686	95993	70580	95504	71437	24679	39505	32523
51698	85658	50262	13886	27	77330	86048	9178	86737	791
97179	14846	6289	79815	25286	48421	26485	13295	19808	3108
24192	80426	51098	23154	61786	66152	71965	99615	91927	74532
35357	69815	81558	15539	51489	34265	91206	88941	32075	5259
11563	8185	16037	23917	66249	92448	70257	92361	80854	6881
69099	74435	91572	56379	98282	81166	62462	71160	20403	38285
97610	85633	17185	84227	44159	23922	26847	87265	54017	66555
88699	85556	73664	29932	497	94837	47852	92805	70527	82730
1309	72165	37788	627	4343	31167	69052	10305	93459	87757
51682	80327	15296	57997	7985	83563	17530	14981	31741	11016
77273	52870	82027	91663	78809	53150	13891	25531	3399	29404
81206	35178	91142	86251	99527	76684	89029	82680	95895	68718
8756	61817	28662	49311	6219	10149	2117	75851	90314	37157
62878	65054	72018	75758	42865	66165	36693	4173	41087	92959
35668	27871	45023	41537	8043	44793	84692	60121	73071	56192
90776	26792	83107	46689	58759	50094	78755	52587	75785	24533
35362	79470	27023	53495	65772	95869	2673	79456	46177	78351
62088	9571	57052	14725	13777	17790	19076	53280	87201	65916
32571	97778	16317	43466	62596	63287	42935	31292	41762	46052
41919	12283	62176	81448	93539	21208	36556	81484	52278	32204
34717	18522	70158	35575	97885	26965	84906	47009	50866	82447
89887	88683	81419	14038	29615	74647	2204	44663	16378	78215
85876	22276	27205	28949	46471	59965	35972	90790	37253	52323
21055	13517	46075	20106	18315	8550	20045	44427	99542	10717
40465	80367	70700	80515	60622	88337	78374	57354	23945	22555
89686	56423	70842	59637	72555	53913	20856	31262	97336	26692
19112	53619	3727	21533	6162	14579	33405	59213	75613	18429
83961	45574	39473	69636	72950	48317	96445	39847	47840	91828
56685	85363	80110	89218	44419	73966	97258	87878	66810	29875
37721	37604	75029	29388	39809	14140	60871	58753	63094	25749
93726	23065	9311	81831	31175	6978	47058	50122	23786	93747
20036	40082	35860	88409	72016	78188	20293	42959	67552	51869
95188	3110	87114	53803	63175	84149	22637	50218	85139	75632
61044	9322	43873	77710	9451	9451	66028	85966	59710	24916
49682	97232	10836	25646	85936	82107	76970	29669	35141	78318
94223	32253	82837	56283	98816	52644	18008	92059	18527	47067
24411	9187	41703	21637	72907	33001	35847	90420	83267	20834
75827	34658	78438	85842	65291	17582	43321	41319	15629	58390
28850	62023	44623	67409	79842	98049	1426	68790	30499	5658
14497	84870	68242	23318	98047	34763	87789	85996	26139	99867
5	21212	5372	15357	17997	418	67158	3845	94368	6428
83292	67474	88817	61434	46253	34575	59524	38505	50208	34459
94372	69705	88015	97430	3059	3740	46706	99517	82224	27524
17911	63009	44814	35475	11735	17615	89889	69910	9420	93243
23530	84359	36255	33561	29985	47867	22479	31149	70513	1620
32554	97773	11575	94508	1367	27614	89552	83910	68179	88182
65178	45923	69359	16509	66169	89552	69467	44718	35667	29509
44600	8981	50690	53541	45065	2895	80871	28927	68931	24725
66337	34790	33376	54093	32399	24210	90598	85733	99630	85137
16017	28698	70684	90964	36268	66694	21731	17116	92720	35867
93326	63989	57123	16089	61904	45663	81779	74342	34940	40763
21556	38992	32505	82264	7576	49637	24825	70676	67608	6795
57466	30688	93304	47308	18751	35490	90528	51378	82760	36490
67255	63103	67019	64701	14672	8852	96373	33471	75019	9039
67704	45526	99185	31830	98560	71530	11202	43132	19216	37496
25871	88997	1207	13297	94707	97362	60306	63951	47645	25399
75252	55095	4670	7887	13575	88391	70694	98935	57493	53885
4257	64803	14164	55202	86897	88883	42929	26426	67025	79057
70254	21235	49368	8672	42255	31368	55616	27811	52486	73785
45392	11890	41811	94511	54522	26305	13481	10967	86962	55624
15260	75449	9825	54916	84860	20331	95466	88177	23526	33410
37815	61010	22558	61194	96958	63288	64564	6025	31927	85294
98791	51653	35899	50379	13006	19272	75152	34697	60254	64391
5279	86749	95888	58741	40574	86619	20240	68479	73147	51687
81342	36227	7384	20329	91989	58511	39427	28541	97949	76951
10924	7716	11832	36332	91371	88919	6548	62015	97101	74299
16217	62122	68865	96922	41051	86071	9639	21282	24115	7398
18544	80779	4315	16625	23509	76183	89692	59245	29908	69744
23400	46494	66511	90498	28174	23868	58421	78780	44729	76799
666	33545	59660	84604	81089	58618	65897	9573	5134	96554
73861	67766	43137	22599	87393	76829	68655	87788	49807	42698
14999	22374	12749	44559	38050	14762	1772	39219	55232	10814
99025	34564	39179	3338	13716	18938	88757	72106	25033	64576
29485	98121	76073	13512	4381	9086	64906	20663	75874	22053
10475	78709	52875	91615	34317	8997	28227	38292	55675	99439
60789	77541	26339	13538	4078	44777	40479	94798	26981	93094
6673	5591	11486	97091	96340	74830	70385	44322	73738	60515
47408	61472	25543	42891	18713	98878	40221	69235	76861	79712
40	85460	55839	42358	25224	1992	52728	36954	57126	42104
18069	28604	2286	55162	72704	15999	13070	29491	36322	26397
10906	37123	91853	8775	49210	73349	53485	65963	52906	88507
79927	41398	72645	34877	56460	53225	65946	97209	64278	41508
9	99616	9083	4771	46254	63667	98106	56209	29262	95321
3557	95106	3887	52614	39534	46914	29903	95120	84239	76049
2251	9274	48426	40592	19818	40986	75215	627	67581	5915
414	31858	24786	28460	44180	93057	88470	35905	351	10139
99121	77242	62059	31766	97814	93478	86386	43862	29254	23755
43326	89604	98228	81127	80629	70950	95362	74074	99003	74650
90296	37173	28246	71351	19710	86580	9582	28249	42327	59940
99840	98378	95138	17220	7112	2988	6167	83170	53558	84236
69369	1354	71484	17477	55573	29275	8548	65488	61684	91369
6278	79224	86415	89002	80684	1750	87836	69368	40322	32928
12090	50087	98588	6342	87244	9272	86344	6236	55251	42198
3545	83862	72236	73532	6238	64076	60417	85957	94152	99943
93547	51157	51067	13659	40792	3229	8758	51525	89091	12423
85797	25996	94510	96836	55007	49123	27391	8321	91026	4563
47517	20269	79494	28964	46852	57774	43322	10435	6338	16299
25059	16870	67128	15091	69169	49199	2620	83621	64752	79124
47035	83909	41342	37110	26248	22806	74585	6511	96440	70308
31666	1853	97555	41092	56954	94016	87771	89447	8986	31544
65060	92627	85489	73478	56300	54853	93439	47349	82473	82565
49360	22970	14313	89719	45337	36221	7373	85251	51091	17312
96864	8723	85038	94576	10787	11721	8978	50004	48384	62051
96620	51661	17620	66175	94639	7079	39128	69397	72413	72391
79374	51455	93792	65908	16198	19472	12263	86886	59028	44745
90586	59858	54720	22661	68202	24586	56941	29741	87856	72580
96057	24762	20345	42213	30868	10227	93278	9632	49910	99708
82168	77516	88529	63617	69328	46006	18604	7635	64960	69218
91686	25977	10864	95389	3147	32509	16734	96728	4908	27395
74663	40599	44777	39305	1094	70347	2491	60617	99575	13006
24638	77062	40205	37050	57360	14815	5013	14607	98827	53081
77628	22879	58739	89530	42057	19622	49799	13030	8598	7098
58686	88063	21703	31170	31486	43384	6345	83570	82848	23488
21135	51315	60135	61065	58311	56518	68948	27366	38633	90862
37121	57048	7781	50469	87461	26179	42570	47036	81673	40337
76269	36022	30073	68377	15541	70241	66220	25298	92136	89217
39831	58170	60979	53128	34576	18855	67521	9337	99288	53136
87228	41022	54771	14553	40534	80670	21150	17823	55010	23125
23051	77601	98854	30897	31676	13838	75851	8490	72951	61433
60761	28354	69864	89552	95601	77479	56794	42203	31690	32290
2652	71978	47229	51700	53224	721	10444	36287	76035	42165
5861	80548	69901	65101	36756	90139	56078	30236	10769	78270
72882	15746	1955	90285	23428	2429	19415	18064	67014	76879
70936	70195	93349	13403	78382	50424	1937	67017	92995	60999
61775	51812	14269	93572	67625	28755	61659	90589	24207	5674
36194	67163	57911	13328	58687	35387	83008	14304	20910	22302
32645	83845	63696	10300	67564	22444	79646	77065	95358	7576
40031	28436	70663	15226	1302	38411	67201	77380	42455	98458
86802	48938	18459	85223	17139	15707	92199	36816	1812	29129
48008	84368	51791	12364	33963	99398	36814	89545	131	65795
94733	26802	12950	22769	91777	43730	90105	20711	6580	23080
46885	71913	81361	38989	11594	27855	69214	51237	79497	3576
13663	87787	11877	80395	36087	35494	37137	83667	65714	7099
90653	23289	32263	20214	75385	61343	23686	57239	56523	6527
15472	73671	65107	6503	59532	37097	73348	78886	75890	71559
20367	557	97163	6755	44795	69742	34848	60178	45996	56178
61940	29458	25786	20812	34619	54335	23048	87963	45950	8506
64156	74824	56719	39892	47427	77553	4278	66232	37037	95181
50980	63125	10021	26516	95299	58904	58387	80998	12532	90704
49967	40920	96283	66464	38363	31377	64500	71841	64049	97038
38044	32075	42321	14185	29577	33475	80342	96359	48326	76721
61711	20973	61207	75397	21453	1000	29171	93241	72955	85556
41800	3073	48880	90959	96010	92956	47834	81812	23087	30042
79529	2808	45672	14884	16067	44593	15433	50602	15852	61590
94089	93606	61225	10308	56350	92438	23261	14983	60955	83273
46711	32226	1956	38770	82425	48131	56553	23792	5923	36828
71078	11059	62798	23462	39123	56634	78844	13534	88438	29039
93841	55586	55669	10585	48094	69500	36895	6036	34532	29543
38990	86412	76089	74896	34861	13324	76693	90376	53895	62232
69730	49076	63893	22316	15559	30907	88871	40384	57299	40479
86057	58093	77980	62646	59025	73804	32730	85551	28124	83964
47866	5926	91556	51898	2519	39106	50204	72120	34820	6311
28948	81118	192	66407	18002	51835	7204	90443	1209	59306
27012	57361	94070	66616	71849	41542	88670	71135	52180	45045
92315	32891	24140	36801	2204	25814	49090	52768	36587	42612
99332	99579	62654	6881	70690	40170	46976	63290	33050	5904
54282	44646	58801	2502	51012	44975	50826	52657	79936	87046
73216	53037	28794	13935	86029	52633	50869	73906	71688	65593
90636	68905	1341	19623	10581	86263	73340	91128	75361	95277
73552	82443	89513	50662	57575	27257	67329	63920	91092	45189
2270	17886	51836	58474	56556	78622	69215	53665	78627	63492
84657	63339	22791	63018	54778	73066	20759	35739	22556	1526
83314	58745	20794	4792	41777	63802	74381	63270	54141	29706
93013	26856	37915	14348	95067	21007	86206	60292	481	68844
5166	86244	2181	11691	76697	37434	83139	42961	31928	76112
21058	7419	44755	4366	55467	85639	46186	76140	92180	70971
27443	53342	22612	12076	35837	68901	72270	46062	22763	24001
79537	61645	19045	61138	42737	1245	85421	11783	39193	86936
78455	38724	20183	4024	27978	29246	44054	33669	53542	57331
46144	27607	68390	77147	15532	72311	89415	59867	35866	71480
24779	99607	51000	49480	22898	96526	2050	59060	68568	80541
14582	36319	70441	86688	52312	19918	13530	25696	51896	99354
64604	78234	33434	44266	83500	16751	34479	27744	2458	23453
37125	12388	72989	24559	29354	38643	38343	40525	64436	21346
69102	85165	80094	56280	56556	74318	52938	88059	53550	56909
21654	13472	37884	68559	9224	50356	93166	89115	58598	77952
13145	42358	64837	75600	54920	39017	43618	74712	17641	83063
83300	31269	76137	53519	73783	17156	98026	50945	22007	26450
41937	69927	64026	6345	68532	80078	55613	13201	12727	54995
22473	96678	12050	40933	90249	16011	54079	4960	60786	60058
25877	2372	4916	52309	57590	24709	59487	174	73495	69764
57953	14477	45799	27382	92713	42116	59616	82032	31022	50810
96264	21460	31564	22433	32559	67050	83952	42221	70089	65618
13482	99564	67397	13256	87082	51251	86271	35962	75184	27552
61438	85841	20234	32120	49712	93083	41885	11508	1299	83628
89822	98745	31059	34254	77398	39049	74179	21864	98114	68041
494	29097	70818	12413	96966	98466	58470	72048	16649	53707
72815	91300	23986	74474	92575	96937	87544	31629	993	24415
42483	40897	51064	75638	23778	24843	66814	6524	28759	17101
29955	14609	53492	25346	76207	55397	50327	33163	27177	16182
75319	13833	72456	34971	61543	68671	39439	21722	10373	46110
62498	41771	58456	38622	58468	53560	51333	83330	7889	96590
41415	52552	78435	85960	76071	44482	88511	76163	40314	43983
36430	52620	42454	27311	6715	25518	35966	49473	57646	23871
40069	70459	3744	22387	3044	2704	51441	33958	58308	2339
84700	34943	1074	60012	1717	49111	82428	63043	62608	87026
53492	52956	61799	74645	93878	2559	81811	60731	43101	7805
45119	32037	5782	31280	38826	60830	31147	23853	63146	93099
56376	21111	74269	48038	53740	65001	97081	65020	84579	98446
42748	74074	45748	18406	7258	16199	89552	67244	42899	44797
17546	2819	36143	5300	2210	95250	29596	15091	3708	45716
16071	63110	78468	46832	33225	8359	54470	61391	91378	52268
89479	66723	9358	99378	45913	35073	53571	67988	71582	59167
28517	1550	5359	26424	52325	85060	15203	37276	84865	54059
22300	90148	34009	79987	88835	86659	81633	59071	39201	994
51293	62769	79265	97496	33854	56678	21503	42132	25713	95097
41876	10638	72240	16082	41995	81595	82540	19444	35428	24327
50611	93004	31043	90474	7649	11964	57019	37302	99689	1367
91185	51270	46410	80486	72264	54619	97546	59843	21257	18293
31609	77941	29920	5258	1066	28334	87669	29004	53718	75314
79720	66994	34744	89870	6223	40829	90256	57766	53049	55386
10978	30739	75321	25139	78670	29808	38055	42595	84565	26233
87915	82141	46566	14630	69207	84545	77462	77640	92831	88293
39763	6500	21102	53888	66342	79486	57625	44435	82777	34779
96282	97427	2563	78583	18220	93726	81326	59522	61168	93576
52793	71909	24720	815	5446	49926	67149	33558	77283	59864
55430	87788	4538	1313	14474	43764	12249	2445	1248	85872
55793	64341	34802	78769	49748	68005	75078	40918	37630	57340
56247	94844	76589	72298	42589	57612	59362	85846	88769	88608
5899	24456	70376	35981	65219	42934	98508	61563	45344	11692
29889	39132	23543	36975	83585	68717	50488	41244	12467	58886
38049	21662	29992	37789	23998	44417	8491	66184	15411	36989
46598	65521	71645	52459	71506	57102	20223	59145	84731	87384
93656	3750	87077	62436	73213	10833	92907	46838	44953	22464
9531	6828	78136	48111	60729	90017	20674	48090	35229	39521
24514	84282	57424	98493	26701	31408	45255	50393	19358	2265
95204	18623	12266	53889	34821	46219	85642	49165	41670	87137
26599	6003	27061	2980	92976	38123	79237	51548	61138	7809
30154	37191	99462	5813	82342	64726	71788	82618	35161	99005
59828	50533	21674	76450	76637	58799	4969	86982	30182	53770
80617	23616	138	72103	91737	15281	52092	69731	66508	1298
46764	95736	41679	68594	85253	16120	5049	72662	40263	45565
23696	88276	73344	23768	64322	10719	80414	44972	16120	46309
7954	79175	89646	18194	53071	90507	84705	8435	66965	59723
76191	6584	20139	49377	10117	30257	32904	46777	26382	95052
97210	99696	80220	69968	93349	942	41448	54851	25192	50848
70453	67871	7503	84346	32658	9343	68244	51070	69481	29351
89743	48526	12345	12206	79649	42763	65223	58922	39235	49262
2776	19933	57049	64349	76064	71537	56386	57955	14635	29509
79455	71400	61240	21937	25656	14620	64115	55375	26376	33080
21563	8616	89184	20166	50296	76993	94816	9089	16321	733
98305	69800	27369	73073	2858	12830	30689	23718	35288	68161
11407	14581	85123	53756	69329	81364	39161	80371	45308	438
87817	30381	16645	22523	14814	28235	42084	69517	87115	15267
81075	97122	12099	32931	23716	31795	21011	31527	68186	85956
74287	28686	50808	1969	85372	41296	37331	89926	62157	82051
34582	28600	71939	13386	27300	12444	42145	71990	24791	70230
10108	87169	50998	10636	28017	27519	10289	56004	40165	21464
92580	11756	17107	13345	71864	64098	60970	15924	98044	69913
54921	74579	27178	30389	11125	19115	49937	70862	91623	78503
75032	55663	58348	20719	59726	60291	80377	53191	83085	34650
8253	48176	47671	62945	22729	66617	49919	35307	8928	61742
18228	86295	81059	33051	35451	37212	32019	55530	74016	72190
69381	42434	92426	98054	27882	93502	87414	60587	42712	53767
46588	45113	45205	40903	49871	54863	30078	617	24164	8697
4474	86672	64678	69237	67900	91929	78044	40039	5963	15680
34819	8428	88002	27720	16910	95172	27989	57007	79803	32649
35470	35446	45727	73507	28452	83231	29101	20907	95988	49627
27002	37897	27368	44742	1537	72421	44047	58474	9233	51131
85768	32808	30476	12027	66398	73550	5104	92160	87790	67092
20701	96319	30248	96250	97106	72015	64355	13332	65189	94236
58511	15094	35624	91896	38533	3787	49648	59961	96155	84508
54128	5154	70871	72090	74704	51719	39838	1357	16102	70164
86327	67275	97248	22855	75117	1740	31168	32827	29332	80893
87998	12763	36917	92899	73289	29735	52024	39964	69720	89267
32172	72910	59495	15288	88947	90047	38699	46568	82055	16617
20548	55576	24549	92764	44033	10174	90774	2720	9772	38302
56595	90876	11141	87381	88499	34897	38704	41835	63314	2591
80849	17103	32704	83489	50321	21899	67970	56248	25048	31186
58168	59813	83565	42373	95330	77633	53889	60922	92090	19428
34938	31196	79254	28425	18455	89505	60139	38320	12859	97337
93334	88994	6637	74664	75931	85100	52103	29706	51234	12388
47132	13439	64687	7906	78111	481	24939	44591	5406	92140
23398	17431	82008	88946	17790	18216	78326	22892	73978	70925
25292	76426	41749	12988	11184	66898	67064	92357	76858	47756
57359	60728	65294	44377	13600	64432	30106	89071	81681	22162
71763	20782	37891	29824	76793	16707	84160	99606	36770	67936
89935	17204	17974	40651	52959	70172	16979	33065	72130	18986
35900	37955	82510	53215	91744	73505	90143	19846	18484	74480
52091	47003	98970	43320	86616	20677	67955	97509	39930	26038
44990	90971	12365	79842	89801	74309	61906	40110	34194	97654
51354	32231	91237	9319	28290	47282	22867	87233	60647	32774
63707	26081	56489	29414	72947	82146	12398	47372	49336	61305
94383	28437	72909	11174	79638	66740	34043	24911	76591	12765
26110	55068	43152	40418	22963	10224	14972	55611	31313	34967
47566	77667	26104	39169	90301	86583	91550	3001	24583	31885
5531	57054	67897	28586	99841	61093	76601	61329	7740	48397
93386	16483	83864	17518	85221	65582	76666	44906	80752	94976
46562	89605	28184	69796	27666	51368	25461	38711	54081	26230
32279	6820	4141	13206	9993	18321	46671	40724	37864	2038
52595	36658	34676	59293	37234	12554	49164	49128	46916	35655
13773	7778	29199	32283	12606	88312	65473	54751	27180	84016
50279	72032	82008	5217	62937	10079	25594	74254	78989	14167
89341	96267	8729	65232	34154	13582	16741	33047	7710	5555
44882	15715	32544	16511	55689	58835	86612	89504	63771	72327
31935	19603	68903	53039	50226	43129	49888	66555	53260	70535
28702	83611	89643	20251	60760	11354	50892	75319	33667	94153
21880	85403	24255	73952	31466	37703	72035	57199	51392	63256
58752	49867	19215	83741	26718	97568	21665	21241	2360	84108
15904	68241	61787	23043	8558	98345	48755	84494	45825	83919
79614	32982	14480	89215	81824	61676	39835	97750	82492	47062
83981	7732	75530	11438	91122	99682	49409	23297	6398	50160
50895	91063	4884	62086	42008	66364	68676	38568	38425	19298
78856	34761	50087	68889	77876	54186	97238	85485	42872	63392
50212	38257	71151	67794	50570	63199	16116	20124	33195	8124
90838	7969	71753	33949	15453	23794	35682	60966	84859	22320
50488	45251	86968	42805	32497	41815	97725	11181	67520	30810
5699	598	59531	62589	12215	87445	47315	36636	17957	13109
60900	55547	21812	81477	68164	49711	34700	3355	40049	63458
41667	54799	27619	85198	12637	52376	4877	90125	50132	8191
5624	31476	55087	21789	83599	83889	24196	34575	5624	12357
9257	47960	17916	93181	30268	54017	8376	90353	24359	88234
44003	30172	86396	73614	30977	21562	58479	74890	33597	95657
78901	65760	54397	12816	60992	53686	18706	86038	31035	51489
2691	93232	767	8594	29695	5273	66179	84687	23196	87407
32343	58461	37233	35959	76523	65475	1756	12219	15726	20672
16151	51027	27688	69008	4747	55540	28911	89328	40925	85359
52427	2850	7350	20467	80749	20022	60170	62586	2610	46092
17051	63177	41331	27495	21619	34304	66157	86754	53765	26785
39181	2861	10566	72485	94219	24108	32016	1563	53807	19066
82368	53064	68045	94518	82443	75124	94598	53735	8392	81648
5336	64199	34059	82852	51788	2545	24578	60281	28300	60456
99488	2048	44260	73195	63628	3622	41435	11059	92316	11720
24825	30981	71808	85403	28517	67412	9586	90865	28471	50552
59440	97264	64288	68981	31709	31163	19698	86120	33764	60350
46925	48670	87861	48419	22235	75406	2829	38027	63274	44591
56965	96705	29544	74032	71647	25510	21453	77601	10655	97296
44056	17282	12268	74860	44920	23040	82952	46361	57494	68198
94532	75173	60072	68093	93438	32554	41156	3853	13042	88523
77200	78597	67788	98567	3190	96467	14182	78697	84363	28445
12479	54105	62736	30691	80557	34991	28528	23389	25305	1013
92256	33373	76113	81894	843	80193	59396	68658	68843	31344
86772	27272	2393	31983	44153	69669	6648	51672	32711	83742
86013	51721	80774	38995	50130	97036	47615	36360	28865	80913
77331	22872	87028	21446	94010	73994	44290	53398	78798	35832
15582	64771	20010	25833	47649	68689	34278	31876	55035	20012
86052	67296	52359	43215	27640	17601	14777	2489	17824	59129
81071	33131	12824	54257	14453	15017	46903	17804	37132	87022
13706	69639	28808	38954	33642	31256	19115	76545	18093	43230
50087	45167	91531	85223	40139	41057	22144	4205	49044	98975
31485	90653	11768	85891	90062	73332	43203	45941	95901	70195
10010	35811	21851	82370	10530	49301	98694	7958	95495	69072
15246	70479	34966	67017	94872	66054	80264	54059	87611	47522
48709	96710	24367	79334	50429	83549	78680	65983	77043	46880
43599	62696	41019	45218	66489	83450	85615	23261	56860	17849
82416	31029	86009	39674	78232	98352	73992	8557	10212	82846
9885	85150	44545	49452	86800	25318	19720	72234	35112	91092
48069	38135	2894	6301	71997	61378	2581	92709	7330	41162
1499	67254	53993	60773	3419	62675	77262	13485	42515	34561
13476	78591	93154	49024	34146	7110	47077	7188	29788	62020
14263	99854	16090	47732	83152	16250	23793	63064	83451	62780
69296	18246	59951	89217	95533	3587	27207	82341	83696	64976
54094	70601	49504	25638	60361	50846	35646	78915	23231	44752
1321	28632	56059	96855	48770	6692	27655	64917	67909	16467
84723	43192	52972	86488	39061	48447	82958	68735	32656	33178
86489	2908	87374	82345	95132	9316	29365	2408	16713	96835
99496	99542	96728	43360	2524	94426	99740	80619	36452	44151
61053	48242	71262	95673	47765	2950	12700	45987	83151	77019
76314	18423	24734	48768	2389	56474	58656	87055	45629	35226
83885	4329	55664	54404	67262	76605	4283	6706	15084	98223
4815	98361	8148	80282	96463	60153	21225	23483	11894	63987
69498	36087	50273	67329	91571	42864	3093	15571	85324	93448
8679	16196	9197	87503	3322	59189	76731	74772	26088	29062
81823	54518	59935	47736	33623	75593	41409	69314	1874	78822
55119	29044	11109	60700	16397	27075	24270	55474	41662	19662
31414	57069	48315	78448	8998	9993	13982	69068	31120	99702
54822	12629	2235	72406	13610	27754	99121	50361	25486	80482
661	5428	35322	19844	51387	45786	47342	87127	18586	87564
18539	8193	20900	58390	83488	78926	54077	9606	59063	63452
29787	63040	98959	90288	49205	90373	28620	57924	32945	17438
26490	46277	14133	53961	21204	58171	76210	41727	30956	71019
71774	41422	35666	97004	87120	96292	27729	10289	30011	56251
91590	88596	37771	7860	24165	58842	24517	18075	36481	63740
63783	72135	8104	76936	2987	40967	65991	42238	41273	78887
76776	190	19132	62286	9878	59998	63867	99247	43723	96404
83445	94228	15526	81070	97299	95071	36371	6165	738	38649
43485	784	30967	82313	34509	37453	29877	50535	92441	81362
45277	24841	65626	70695	6739	74331	66019	53446	50664	8097
26272	40038	28394	67180	54002	25097	42854	20939	44148	67344
6846	92221	63764	91279	35038	342	65641	48059	85681	30700
45507	22184	63181	42697	96443	69899	91534	21594	93425	52643
56858	55907	70565	76901	35920	23702	6203	66518	43021	22234
97343	99018	30222	62216	86898	15562	47298	25271	59096	59720
82821	43114	14405	94693	72020	96216	99428	4889	94355	72903
58172	36502	57624	49996	10973	32919	21589	30517	25025	67141
77524	93089	60363	10354	27763	5268	38459	54609	49903	80203
10729	68133	95668	37836	91307	98523	79363	59186	82263	99718
46444	57002	84461	1512	18079	72518	73149	34421	12157	70745
36201	73111	5257	14742	95173	14704	14959	50836	6941	67586
97016	6420	53986	9183	77548	31703	18416	68699	80533	65679
11346	91620	4776	86386	1568	21949	70473	92346	83738	25732
34943	88213	21904	39845	21394	67370	15748	20632	2998	70327
12389	75324	12224	76498	822	78464	93088	25827	24063	78091
71641	93336	49425	60402	12413	74943	76572	48524	93732	68270
30894	45442	56997	61229	55315	57245	96620	16851	57017	2052
30440	82559	33183	12469	73726	94291	6877	72450	6761	6063
57454	68283	17274	33505	12297	14801	91227	36285	69534	36570
27320	40155	19393	13887	1999	87389	94334	68198	25537	95080
50501	40916	77418	59793	92706	86379	2776	37791	5458	31557
30010	49376	69660	11022	16191	13811	94457	65114	21921	52110
33565	66118	95765	10017	78447	42458	58692	33746	60178	27614
97251	97626	16726	60967	27372	68189	56189	55326	92263	45159
84920	83831	95970	25765	4292	88207	64938	49131	45901	4811
14869	37275	56137	59519	91914	87677	67420	51605	5495	53087
44562	88348	23223	17771	582	49167	21350	10989	93897	43943
3802	6726	27894	78238	14479	79951	81599	36653	51898	10842
18110	69380	70149	93477	82403	57523	86578	90882	65755	49570
53750	82524	89363	82663	62253	83825	71432	5702	21482	53983
60992	49990	27216	33131	51123	29272	21105	98011	7029	54201
18147	38185	54417	3097	4206	4673	26069	21261	12403	80392
9878	91736	93143	88139	10551	26485	49424	38975	32890	52293
65137	20390	55265	23836	86856	69425	93095	66557	32223	62330
49255	59495	60020	83569	12424	86455	14411	69432	66414	9999
58585	21981	24116	71628	9972	95138	3483	49489	38433	98201
98969	7196	56274	38998	49276	64052	25880	35994	18079	23848
24350	6686	32962	86316	95830	31313	35464	22056	19214	7359
12446	15681	21337	62542	58548	70144	90869	27368	166	1884
39162	13974	3851	91860	99152	28374	28267	33837	2558	21813
55780	14721	78847	60356	72926	24910	53801	39617	67090	76752
99785	27227	34880	96206	4991	79636	10782	70056	20035	21844
71268	22119	1485	16874	84834	25731	13693	50653	68642	81830
91614	87509	73976	6589	9269	38425	30823	10496	59909	60850
1449	60962	52234	7645	5916	98066	56830	97577	73040	39131
86540	76112	69697	40275	33827	39741	52991	31147	4657	2939
15022	77943	78980	19554	52240	8884	70851	48227	21971	67701
61303	62425	18019	61519	26347	46604	11037	84848	8605	20071
62303	3593	84606	11815	73840	7668	77736	71584	19812	22860
29978	68299	11256	96906	83350	10990	67165	33770	82809	52114
52912	1368	31155	10914	91935	83479	37843	74374	76843	83263
60151	21564	97957	22435	54558	93271	78667	88417	10539	47008
52631	25466	77811	40879	49826	20803	5929	35736	11033	10021
59653	43520	74757	28921	71208	95939	74844	31380	88695	71797
7280	1075	16599	60304	47138	94454	85612	20663	94560	42887
11194	69021	6977	89569	74026	14480	82883	58875	35576	98338
49774	11070	21143	49236	52393	14302	35451	80974	20204	63903
9969	3935	73637	92820	67091	49039	70461	76886	65863	58415
86482	86144	46680	99342	83141	59848	91098	6471	29799	8240
11894	38027	46735	68479	37443	57708	59858	62021	39264	89547
52020	15856	81569	36333	32033	9439	81331	56436	88840	8933
49067	60180	33740	74203	61132	23221	15027	18566	62398	52878
93106	68366	75323	35736	72261	87042	42638	32999	33742	70465
6236	56800	60405	83330	42838	13619	2080	99180	27032	62518
99000	41547	67237	46335	89211	15518	25629	83065	74579	13091
76326	12397	79526	15885	12758	42467	4882	96451	37490	75738
56414	15004	53150	23072	95439	74891	99342	4904	46634	65080
44946	12988	89921	83644	15484	77746	43849	52007	76350	94735
99952	56012	80560	33703	63403	93169	19121	35371	83952	19039
82426	95171	10676	19256	83858	57713	78672	30779	62269	82691
24277	2018	76219	20321	94536	37592	63708	87173	3256	92300
30866	43990	15391	7608	97552	49912	48743	61384	81072	5574
75802	84564	96486	58683	51746	86476	70162	63590	37129	41626
91590	75219	97822	16755	17824	35012	79583	6531	54530	5949
17292	47343	24530	99279	63491	12934	59309	84803	5439	90005
26459	16119	7094	16310	2760	36400	14421	60082	25123	26626
52174	87414	57471	29861	408	82953	9008	97455	57527	16853
48648	83740	8615	95591	79851	43895	66620	85863	80854	55220
31786	66554	1572	95688	75772	76301	12253	49885	58850	28721
98917	43793	26550	4167	76622	72233	31031	20501	60818	62651
71663	38949	72844	51415	87817	33621	91226	35398	41916	90813
71827	85435	44105	18747	1397	63314	83974	53863	86246	63784
45774	95504	35680	48731	63778	30530	13628	41062	27150	3696
11305	41766	76588	14823	91364	26783	38971	21627	27741	63099
15598	46370	99614	10138	74025	75774	33723	62584	42982	44205
34302	13688	98154	57648	41079	59450	30295	29976	78329	60646
44628	78115	23170	55377	6753	32965	4821	55299	45604	56792
86761	16302	48385	20011	63931	32105	82191	76229	95753	40188
37936	49310	72786	74359	97105	58277	43990	19035	82544	13617
90167	10845	21261	30380	63148	68326	76398	13138	61949	87418
29436	2000	11813	8829	49884	54604	16066	57178	5811	48034
35062	17450	46980	9677	76573	12959	25004	3914	52888	16760
10338	3911	93501	8732	1996	95404	74356	82384	25185	32437
69603	74790	66660	84888	80607	1866	69763	26331	15271	22824
41077	17136	5207	53963	50401	80130	10017	78800	87366	72191
33396	12977	73580	62107	64808	85189	52913	89245	42227	32244
9562	79816	8480	9978	52105	35399	22320	71937	35365	75838
23637	43639	49565	63811	66641	5635	9650	79566	27112	80120
79363	46489	3345	57887	66428	3111	92018	27979	66710	59718
976	63468	54321	50583	71485	19666	87796	96724	56755	60412
20969	46283	59102	63268	81522	23155	79126	12318	57699	77049
49809	80749	61667	42438	85984	58303	11332	97056	58459	94271
30473	1135	6473	8914	54734	47554	64439	17557	77686	66980
38673	49519	16046	35437	72071	84181	67782	66502	39791	31721
55533	30164	80948	4440	50095	54621	85161	1625	4856	51236
11995	30385	47212	10915	14458	11383	10067	40155	11306	37521
6970	33418	41823	85873	92924	66382	35523	97418	71098	974
76153	11051	63132	12046	59404	52097	18426	24261	46807	48573
61567	57396	74975	31559	6982	63614	94660	19171	24486	19453
73104	75823	26736	37509	98584	42457	53150	76709	14068	56630
8091	28076	59525	62878	95040	33914	47826	82342	19890	77948
64478	28661	47513	39878	8156	72326	74485	35174	68369	68937
50352	60568	55116	93077	69727	40150	43332	73946	44841	95379
25540	90646	6676	62892	57502	50960	64979	30267	1850	55042
35432	7933	97188	6254	70418	76124	8609	30253	97777	52945
98665	66280	91095	39219	37658	16492	33165	92964	87548	45630
71076	87508	10324	27605	17778	30835	27541	22036	42467	19864
30850	43016	663	79229	59532	63114	37530	4305	22461	16051
84796	76764	65469	22311	56366	36556	35371	47429	90475	4350
97658	60356	88286	57596	64261	69842	35759	49899	73983	95009
60943	41896	12692	26549	13085	28667	96698	39483	86133	11330
2349	17852	5156	55079	68878	6977	70848	66307	8695	72516
14504	4402	72332	84326	99704	36588	97500	75772	26865	526
69984	17139	62839	15834	1058	30991	5887	36206	86636	61361
41203	66330	87124	72130	5619	25464	25032	32365	319	1541
26076	62270	80104	71475	6930	67271	51850	91516	98008	83973
2894	6640	72499	53314	61292	48482	69650	28722	87954	48464
9862	91116	29363	13273	70031	17415	32047	31168	24473	81789
30859	16328	4406	63086	97266	97446	48709	93479	90377	80651
95175	15607	83593	74506	29837	66902	2018	11271	92194	35981
65436	33973	32179	25401	24890	29545	98582	34609	33793	50033
93903	6662	56981	12895	69055	68228	58826	9087	11762	54768
64975	21750	66530	87396	31002	32199	86921	52676	46562	53749
75938	30733	48055	65708	14677	13217	68722	81070	23157	27921
24581	89070	61925	2081	62138	36146	11044	82253	2153	64096
99849	51390	8746	44064	23431	59259	92557	772	89895	69931
56277	27875	36325	48148	13462	9219	26011	70299	36940	61862
70117	31061	57866	50230	38688	94002	71773	20784	68294	98604
29694	12610	18819	17490	91096	74226	37177	88702	64117	6384
34688	27288	89237	69919	59352	29356	89371	82943	14089	83217
86644	91945	61649	7910	32472	91899	20193	48071	90792	52541
3273	1404	66730	69545	96261	11520	73100	28902	74521	22554
50375	27739	42433	4555	75099	10173	36533	45956	83063	79579
62915	47450	68521	40594	72998	6497	4780	31862	55509	44881
67783	227	34844	62397	15622	23202	10619	51626	3748	76704
12553	22128	11651	76119	42644	95950	47481	50900	21107	84055
78781	7442	26460	75526	66167	32228	35438	26401	71739	31152
41076	34400	15390	42636	4127	41318	86810	11559	24979	30107
30358	64192	44966	32383	76062	22024	68352	27	48105	1652
83640	8733	45635	12350	78685	47581	97048	65426	19659	53503
43502	80022	37818	21394	71382	79699	72545	20955	4885	48486
92435	97617	54219	37766	94802	2232	13461	91114	55104	9664
28941	99846	7594	53892	6634	46882	64139	73686	86616	47588
68259	29440	79049	84987	84376	42735	28279	2563	63562	93233
35055	58873	28169	97178	80713	57207	38595	34348	73100	61298
92928	2058	71687	23787	25445	62196	82596	81359	53390	80383
23994	51961	13255	19313	71107	39329	43228	99427	97659	70864
19985	24842	28377	92004	51097	28544	21772	73011	53316	9244
27045	38115	9018	77936	75622	75152	94968	72463	38780	13614
44986	53247	55773	4526	7144	27980	41849	32088	54451	82078
40295	87726	12887	23955	46300	54279	56373	37563	54888	22603
81730	13979	71032	93043	75908	49025	12127	32104	17028	76404
69911	85769	24022	59529	71236	70869	96596	51929	47916	54683
38088	28025	98058	14878	78303	768	16822	5852	57801	66397
35874	52115	56363	1059	57333	3755	61442	81112	40000	10017
76844	36114	13792	16830	68233	7396	51453	42568	85788	5407
31415	97387	57278	2456	54571	5202	5755	5610	3415	60009
45849	61485	34774	41791	56143	43997	90810	59075	14701	37252
22403	66565	73766	61959	5903	93947	8545	67560	48641	58637
4127	34928	21921	24196	37133	78748	63108	96591	55427	12861
5938	50951	64728	28679	31092	61312	25972	28311	25976	32898
4081	64380	41265	97883	85012	80055	80010	20725	47277	96646
48476	61630	58267	27346	66251	31876	28787	60641	72486	97153
10472	15507	17822	23888	99650	47154	6592	91304	13784	47362
97762	23965	10767	15622	71296	845	46021	77390	43934	19689
71640	67800	61012	83822	84840	30290	50475	23976	28113	22338
5092	47279	33864	96190	20383	5742	95413	61591	27841	33943
12805	68174	98111	46433	13991	38536	54477	80400	73521	22417
4672	51814	83232	62221	50423	24571	32238	57792	37218	77441
26718	98154	74422	3896	10276	81960	39933	94457	94628	33100
23350	37092	71531	94643	48997	52130	72892	31493	94806	95331
79794	60413	79267	72932	16079	92540	74281	30929	60379	6194
59421	55369	52477	88537	67988	61760	6295	63388	96664	73646
58489	36319	35342	69381	28809	33650	94505	32897	26620	19999
87235	4550	17043	40932	64584	31171	15439	7566	96094	60865
83261	68602	87865	84901	77595	64608	47643	98434	44451	52009
95338	29924	81040	72139	66207	62	37832	72981	51881	27862
39793	98956	36485	78506	81079	36729	42195	94349	17519	90244
16288	55550	32819	39946	30579	87877	56676	29235	97659	36292
88468	12373	14552	6041	26593	28352	12218	74837	34516	52358
6236	35283	91877	54644	69315	89090	26365	79995	2380	85430
86741	60814	36805	23853	97493	84751	6695	48013	27157	73730
30644	89718	8581	65279	12288	28829	39320	6416	2114	54915
49440	19308	42893	99494	94978	46428	9310	33052	89757	69964
64240	71306	69204	15408	84572	75502	25639	22065	86	61770
17892	28541	92124	35650	69266	66588	76567	37745	60186	86920
76542	59334	85742	26356	85761	27782	98913	76895	66672	65050
20136	26216	17356	71103	6793	39212	46494	76517	43397	9538
75039	43226	5199	93940	39714	10645	6033	46	17969	63228
72861	86542	48234	3770	30153	1409	58211	27361	77297	119
79154	67686	54968	96540	77622	27986	36518	45024	26812	81405
97734	30133	29768	64987	77132	12464	98580	27800	94436	8742
93814	94980	88140	75312	88005	15433	64369	63279	15193	18400
74124	14403	58053	66189	43613	94574	29509	64408	11901	56711
13794	21760	64848	71657	94849	23387	55196	17233	3698	43995
73172	15533	7469	55430	57886	98505	68038	67159	65350	85353
15967	24683	20038	58902	69710	28237	22203	25017	40586	53684
27629	62909	99225	67534	24796	96221	55092	39841	6946	38097
44378	57723	93203	11668	77293	25811	33458	75278	75292	9263
14192	67500	85447	89915	88272	13548	13936	45265	28292	10866
17440	26544	37854	20937	38169	37982	48380	59202	46336	23976
7313	60798	51652	64156	13029	61687	57091	11998	99679	20021
43367	69245	7891	74962	88221	24567	34821	69306	79848	34849
66505	45547	90344	50154	31465	24316	57637	91416	12178	3877
43303	40359	64379	39563	78247	28934	21047	88748	42671	80577
92315	50158	70613	3020	65771	65355	74176	91241	19381	78286
88696	92782	5060	57196	85650	91730	77556	50815	9776	28622
92274	64557	75553	71760	48780	61876	29133	9528	58580	68078
40939	31937	71434	89598	10179	42321	17293	65023	15138	48043
47116	85243	16011	87801	24538	51683	4318	29535	17349	9241
96713	30783	31972	66542	12172	56174	45512	77121	41552	168
44643	11159	33806	2740	99877	86498	97336	82024	88602	52853
63598	19552	49030	22517	60560	74776	76917	3503	7175	80119
52056	79018	19454	86269	3704	67000	82104	32633	87589	30674
91543	56748	30020	12264	31019	96759	66448	62356	32076	44928
60038	8958	95316	99489	12733	41739	18678	28388	60995	87761
78893	45304	70444	61753	41572	37603	15390	50812	50781	66195
90588	75588	19483	90093	75108	1898	41689	58735	58168	86524
44712	25131	33731	6985	87438	26613	33464	301	25495	8121
64651	39905	75031	43595	13737	22656	81944	73140	23868	98211
20562	88474	34803	24350	20486	34664	70547	38176	1489	92763
20707	57774	45051	21193	20240	80136	92609	69832	43722	71797
21025	25330	90815	66140	75365	44229	64771	62009	18291	98727
78345	71442	37673	83779	81968	79406	5488	4468	46994	45717
3331	71622	27683	14287	14884	35129	75795	8914	90145	36954
73387	68284	43935	47339	17601	32308	50714	32780	58753	8276
23948	27152	4000	5143	4485	81462	16780	74429	1701	51971
39792	96650	34983	30010	45932	6054	41136	83526	29272	34022
60981	47739	72614	16662	67592	90985	26257	59170	32638	85459
7158	28197	93871	75408	80022	70659	82342	19047	72643	25348
26825	7316	76064	98952	48211	87522	92104	34088	38195	43878
9155	90366	38802	64791	92259	68862	66496	37864	20242	43893
17587	24741	62248	11461	68210	37918	73243	41365	66624	27480
83642	16346	8	47895	73950	48990	30472	70032	92285	73596
80774	63505	46108	58735	85995	58929	81336	58933	45911	92694
23639	74370	45053	37559	79468	44049	67605	65041	46720	14999
19643	70718	9139	10989	16973	73089	14414	31681	88854	40086
66821	64632	35017	50988	13159	45154	97293	42588	41318	3837
14756	38761	41511	88948	50790	88078	32941	24372	8836	92266
16816	51586	4966	29767	30544	91558	72528	138	78595	73726
75325	41623	41244	86120	74737	89366	28013	22844	82754	6918
19644	21809	45420	50739	48573	74459	59011	28953	1687	9515
509	60738	8710	31853	7011	23703	6626	41238	38051	9720
68250	30317	23488	4465	1492	95685	45414	65581	47252	43649
93636	71463	83532	38614	97475	67182	74446	19227	60365	33215
38389	60878	39942	13080	20456	50779	14790	98334	36903	56075
7584	65737	58981	12239	79128	38893	63667	22392	65559	12598
69516	71866	21958	76828	88062	77367	21841	53360	76811	34002
1685	4800	50451	11353	84334	12227	82859	80360	4657	13987
56885	66611	42701	34167	15159	80881	98887	9933	79686	36216
88386	69527	55954	93867	26060	48168	92174	42846	95361	8664
71447	64332	7960	74606	62557	10323	93190	27369	69437	28840
45023	21290	2352	47819	98093	50387	59546	41280	42373	30774
17838	88297	17557	43068	59433	11204	62638	76775	92728	44827
59888	70451	28008	81855	60191	523	37566	50330	64301	42500
66400	11023	7548	71692	90360	72265	69948	5120	38021	94459
582	27335	72240	30751	43869	59703	70937	54601	94261	33293
72467	37887	40254	15381	47886	66510	73554	15982	47367	85914
62850	11523	47373	71725	53948	74121	19727	89007	23476	43584
73616	47694	41676	61706	37064	29876	22748	91597	80093	11557
72286	94075	1186	82311	96556	28909	81224	5623	48479	85258
37000	88362	40283	64188	17289	92929	43161	10595	95330	79453
20211	24087	82472	70623	79020	51695	67018	90175	65664	70799
1404	3154	18166	94995	99366	58038	53025	51476	53319	3128
23702	9950	82682	86166	88421	97178	81698	39802	40177	53384
73042	591	36528	48322	97999	5768	80719	43765	26820	87341
816	67434	29914	59857	11094	76120	89863	78873	62954	74022
69700	92114	56258	49052	34533	74563	46968	42355	85749	79678
35765	49155	40565	80293	98689	86012	93745	61612	60857	14546
35426	851	27346	65767	50804	20448	43130	17897	42407	38649
21283	37060	13780	23897	59591	40838	1731	96752	90181	68659
36344	72470	67617	55359	33936	49589	29332	61413	28135	56728
48029	77332	23494	52086	66150	68785	54281	83004	29420	16429
68963	20253	61324	99167	86101	12105	39976	68321	41759	65090
84495	52111	97737	14144	15279	49390	97457	89192	16257	46284
56746	24633	41501	14221	60282	23856	82370	9925	57685	4588
22433	58719	24360	23438	92960	25309	83173	25427	4206	88307
3511	30305	80759	54778	63613	27212	9586	88470	75782	60243
90673	94736	87513	38128	83792	66213	25756	65668	52585	24813
18490	32922	3095	72155	51714	17717	75762	58548	5080	21430
57719	74787	45679	29248	95983	65303	1473	6317	4836	92998
80446	20160	65892	93422	6638	38309	96518	15537	10838	4268
54761	13905	55081	19023	5325	92883	10224	14376	83118	53890
61116	59774	35908	84065	76458	73206	84902	67562	37895	95204
59626	86730	20469	98054	66457	38140	48049	86770	2833	16793
33359	84251	77020	21895	37419	22648	93084	23157	44766	58540
67766	7330	4588	7743	92612	7672	29456	65877	79468	12747
35403	27396	8634	61819	5155	89084	59369	79337	39892	35398
61102	19499	43581	71723	62775	4394	64788	46405	32265	56629
75740	30377	52613	54498	11056	71617	30517	10578	37332	53591
34819	80356	17668	29824	34333	12373	239	65025	68611	98486
27082	47840	45003	17804	7916	20254	92335	61360	86660	42142
42484	67490	38772	61442	76872	73459	39147	86626	26750	45175
50375	94443	67229	65082	5411	43958	59253	50232	42070	96299
33119	98861	55158	19448	19856	60152	8272	63169	44401	5153
8517	22453	13858	20178	31157	14337	93009	94017	83930	39017
20987	43619	72848	2879	35596	95961	1751	59190	10819	602
17836	8768	36764	78791	63872	79619	79812	25978	73013	90223
13506	34455	69610	63133	90600	39739	29065	49721	47412	41484
29395	487	23973	18351	92232	54163	37128	90553	95274	63066
80937	37750	65292	47771	14876	44996	94812	80646	54276	84093
95141	54780	33082	39597	67813	96939	44748	41047	53286	1079
34699	1577	26853	37644	74428	19954	31131	41997	43230	85045
36825	19150	49602	65571	46390	79889	30286	41016	14153	71583
66415	75073	37929	38239	97288	76326	57990	69029	97395	49200
77149	52842	15071	85354	70124	89683	97691	18488	9531	24082
141	33575	76753	72158	61315	69479	10216	44922	4756	29494
84869	80432	45246	36882	59782	29270	30959	41476	34028	11572
74994	40636	73151	36333	41737	32753	85754	31672	1295	21739
72061	93164	55471	8072	68794	39407	63106	54189	81402	23690
68902	71803	31741	15226	99484	13402	34174	6596	70989	72797
91714	34567	66252	16253	55541	10623	62822	24651	15864	4441
91447	48275	44853	69913	46816	78726	28433	46882	40192	21173
14764	90692	11186	64173	49714	59414	22276	48222	96227	95475
52421	27203	82243	80149	62455	72036	12252	13544	84124	59477
35341	15603	78890	61055	57807	56593	58646	28491	77257	75814
80291	6633	24594	36389	65627	59401	3411	58471	6899	72864
41127	64557	90623	21966	41300	8379	30231	78140	17850	12259
106	42844	63523	15762	62315	84374	8288	30543	1173	6006
7471	65422	33667	38043	16810	21387	36209	81950	24472	78456
82952	23308	37181	92283	7841	15161	12343	68126	17177	57511
36597	40177	16933	48705	6571	41448	31439	8023	25253	13805
48101	7771	60656	64292	92859	59357	71350	44466	55964	50403
33594	11824	56788	63175	48823	30143	23427	36508	15262	12312
28450	21424	34734	88069	18830	37053	64900	94157	52561	11716
20108	86677	35557	1013	25266	96759	42292	74506	58459	18799
68426	40311	56473	16797	7761	48022	75034	91979	95345	64537
667	8465	71222	62819	13188	58045	11076	23848	89797	39217
60997	86340	65616	43412	44501	58593	94396	24093	81508	89086
19755	9445	4189	55199	20823	68788	40588	63262	92444	87706
37852	16902	15465	20176	21174	5245	38380	55936	63609	51390
94616	86347	26241	64811	54160	36611	34898	80799	51988	27461
88027	71683	33984	82991	31070	41784	82499	5658	30692	36378
48226	31456	26125	18647	6841	34343	72850	48831	83204	71594
27037	80149	87151	52875	89079	33664	83469	90412	45048	96657
85218	70816	40354	86580	71438	28825	78583	24428	64308	67111
9597	11948	26918	74821	94967	37299	29702	55240	83940	67891
35813	55054	12765	42007	83890	69306	28725	25581	33234	40446
57520	99374	12711	66356	40858	47045	99397	88883	71583	80024
62717	90824	48203	29206	87841	21443	39608	26220	38376	30850
93931	90743	67106	25286	66101	7406	80378	42786	36974	69058
86293	11360	91671	23015	77947	65148	59118	10147	8955	32627
29111	58210	53494	5272	9807	9069	60360	70668	61540	60113
22192	23949	55635	64485	45363	59817	68073	40615	25495	34016
77850	64074	95502	36706	12164	9179	82441	64854	89839	42123
79524	75773	65301	21801	83154	42457	33088	20783	92343	32375
50993	14606	62126	6337	16669	44076	57806	84123	70656	13512
44761	68552	57345	87151	30239	35350	42984	77486	61155	2990
29672	44894	96307	9810	13157	70147	31611	22274	45861	10084
6962	61980	3691	59493	98229	87787	98480	94772	86644	34249
94400	96329	17425	19942	92497	11887	68736	61911	88046	50963
646	84801	62050	74259	32704	97315	65358	82301	89520	30757
29601	82966	39260	40944	69927	13436	60780	15205	95871	76194
20135	570	3346	29678	82844	82481	88819	11768	16836	64178
31514	26346	53687	60722	54588	16209	22207	74297	68984	7292
69863	34862	90328	82397	26377	77463	52950	70910	96046	81874
62333	65076	70213	69193	71546	42201	82080	1487	23869	22975
10076	62656	49253	34795	26326	90801	68518	83849	52900	21784
9076	74116	53281	15100	33390	75472	89788	49331	7651	56300
15792	44266	561	49208	27460	70663	75744	90496	18547	24856
93548	14980	51645	17086	12824	61782	65526	67635	41181	96625
99281	28374	80500	21724	62704	82074	62212	96370	11068	95488
87673	91701	47638	20452	12296	94273	40581	51390	70035	50317
18815	63134	99341	54861	38781	18604	26240	87240	5282	34116
54331	92182	33751	95648	14517	55305	57984	47345	84370	5670
70465	87905	16287	25707	3295	42650	24003	24982	99457	18244
71932	39589	41752	58141	43735	43328	11147	77730	23672	1606
10642	57269	48077	93603	68763	58067	2811	87143	27508	62155
23405	57575	5105	89283	86935	63512	22079	69615	37439	28543
60000	41605	80376	45431	74102	5481	75284	70008	9067	98431
47200	9631	79045	56575	22858	62476	40556	24079	75771	8728
86735	79540	57493	39908	25212	60696	46854	82733	6825	25980
56957	46262	17308	52501	32158	82744	36468	49364	66768	29064
74560	15881	19	51076	35825	61530	73851	76422	43371	88494
38535	54532	6539	33619	72720	5419	50092	56760	74383	54441
73483	10533	76320	20068	42528	64099	59649	28761	80260	6759
73981	23310	15934	7642	93897	62851	87559	38654	85360	5792
95833	40775	74268	1786	97801	63566	43275	44206	6671	23628
37535	13720	88098	43877	20474	90210	75876	30128	5157	42300
28848	85147	70317	66538	95546	34884	45003	82350	33866	98199
79650	93829	2852	62127	58247	44944	79749	11066	14524	54288
85360	99709	64267	98821	21840	36637	49711	13448	42970	83585
42983	69464	37310	64292	95770	89300	36112	14793	42936	9589
93095	58520	78018	44609	32954	98261	75794	2807	32837	63994
68663	53942	12912	23739	55707	90926	57109	30408	7848	59281
88512	95532	92393	80774	36306	28770	49565	8291	59465	95053
34900	84472	28598	46434	34849	23464	97552	52664	95087	55105
2975	62048	95121	72447	44470	4629	76069	21040	38307	76454
85334	90821	92202	58401	75530	23941	41411	7540	53679	33162
27138	77653	46788	67454	12789	98077	760	93251	64343	13367
69239	96483	64204	63307	90933	63035	53832	83314	27205	54235
44074	5921	12872	18428	75759	46746	23697	99322	54472	14179
37194	87137	6546	89934	19622	14296	49359	1970	50741	97787
29917	87285	1308	9598	82920	30378	6058	55480	24441	35253
2805	69523	65565	9686	19697	4203	69628	67436	81224	81412
36721	22667	59425	55846	39827	74021	95279	98716	72977	93893
49250	53117	70000	67997	65984	82628	13309	95647	5425	34394
12912	13968	4049	26089	68986	42819	2712	34840	76572	33012
32951	50894	38804	45602	12520	80250	17053	64532	69894	18962
50602	84198	54999	21007	73187	10433	43591	34858	8897	82614
51741	36133	76686	43710	22739	23443	41991	88402	39892	31211
72538	62533	95718	58409	43942	876	68889	38380	41696	90025
73261	56170	8138	74047	24592	51947	44016	48791	3481	72189
15900	59070	62492	45030	87711	34185	26716	53712	32241	79589
59507	62191	31358	2292	16961	45003	32849	18778	30842	88990
35561	69100	95551	15936	51647	9701	9459	94010	78691	44201
4551	45852	70570	89171	79581	16630	22027	58592	50648	42265
67988	41440	6508	22186	26089	76545	42499	11949	86089	51626
48845	9191	1797	66307	69901	9935	29318	55839	17736	58626
23316	26093	82783	49079	39527	62482	10444	54881	87960	93924
51760	96115	85794	88020	90540	15569	28415	54041	74036	63640
24273	69704	797	36850	39682	39972	80053	83003	76668	19504