74598	46597	24131	10048	19370	46168	60264	65281	45467	63202
33400	45383	60571	44062	60736	43150	47903	49798	22598	14830
34865	71292	54036	48834	22258	33576	23005	65111	7468	19258
64729	11245	14243	27615	43569	71891	27395	34771	18507	25014
49400	7170	60106	59268	57091	30764	40971	51965	64475	57601
32556	69429	53041	17976	5358	49826	52695	63854	66219	51974
14018	26035	70574	25060	19972	30580	53054	15226	39970	37587
72942	1698	40218	9122	25836	12059	544	62917	17096	56778
10866	5405	53195	2086	36131	1478	1457	72530	62828	53151
33255	17752	12084	35892	486	7318	15748	43331	37486	43986
34094	12700	210	246	64047	16622	48158	40749	48364	62327
58868	9020	3940	13059	50704	14021	39570	52114	73755	30914
61273	62986	36821	22741	53745	59715	58960	74787	23121	64000
57698	12959	70915	5877	68927	40504	42263	70030	29569	34582
54361	69756	11411	2028	50443	35130	4538	44002	70340	72147
40644	22016	64599	12334	7711	12758	56945	14276	39135	61797
47694	68305	1654	55162	34402	11236	3856	41613	50061	45373
47211	25848	19783	19910	53638	18410	14186	73934	43708	11683
45308	35377	48935	28853	62311	58392	70233	35625	26499	53835
26381	16192	3403	15646	65787	67890	25536	53854	74723	23609
16210	53464	26125	45403	67433	67791	52029	6734	70370	3882
57299	61113	22184	8121	39410	5540	45177	9681	7622	25819
28126	35098	65292	9366	36116	38015	18187	33238	35125	15888
2641	40	9942	15859	68514	67834	44555	21254	21984	35378
19984	47505	54275	4057	68579	70284	50370	15513	67653	25646
32623	26313	29832	5264	49662	55217	5498	30803	8383	73986
69848	55531	17832	46422	42360	43613	51192	34173	43840	22814
62099	52620	69765	37273	51879	16588	26550	63329	38901	21799
50351	62528	56639	45672	42153	16720	63710	72340	7351	53382
60376	38811	53712	51423	59815	41946	12954	63025	71575	58235
34859	32277	46911	20386	37291	64082	66549	15033	43497	7696
787	56053	43295	7529	54447	33670	36307	4043	14024	53208
56235	32931	50809	18485	41053	65243	18969	46561	53861	25477
28748	9830	42262	45342	25667	24648	20140	64356	23068	58085
70207	19425	3071	32651	19177	28886	63230	68728	53842	21993
26677	4652	48125	4802	27545	10294	26492	52303	28251	60320
53028	10690	22311	64608	3906	51975	30544	37486	48056	50166
72429	66043	24969	57649	32900	53474	18919	39165	47886	10162
71259	64208	573	71480	44903	16096	51131	2232	58446	69286
24916	64721	5271	15107	73853	53216	54345	16988	37409	49050
51805	8089	44876	33569	4636	15914	3014	26634	53336	62455
57636	61816	71269	11100	14726	27365	65198	36497	13216	39509
27858	57681	20877	53600	39690	4016	42130	11383	20212	737
33701	51171	31657	39322	4001	55354	6315	9788	25068	3605
23882	52516	16057	54140	72431	64409	10985	58100	47884	13405
63026	14524	14628	69447	29272	28964	9584	35863	35041	47042
72181	50532	4836	54776	65441	18206	7365	16549	4989	24721
58438	10326	50872	71027	8954	74998	26144	70527	30577	12395
1971	41066	59063	36259	25237	69366	56231	70445	31319	28319
55476	69636	19856	40850	74809	16169	41331	41066	8091	41439
18015	56375	16490	16726	21563	61194	65689	28572	30984	10623
69702	40245	52037	13097	22037	10033	42305	18859	27669	69332
17448	8388	15168	5383	55291	15136	62785	52802	15386	43695
2085	24742	67999	11073	34342	14232	52276	20503	68560	27602
45587	25705	61921	50568	7702	30982	52508	66715	26566	42801
56903	59912	23575	13161	3352	49793	29558	18991	46990	69355
13926	67611	9361	73611	70463	8986	46064	41693	48151	12328
20460	47395	19330	47689	27037	68178	43839	27979	41094	62801
27544	31804	46893	40595	144	3310	58041	33390	44427	14999
70820	51446	36047	59503	74517	41315	16273	15261	33992	30943
56341	32147	65656	54508	10552	48133	35241	60117	62840	24282
56647	71276	56079	73390	9785	33165	64088	57641	66685	50635
20313	21368	73397	46746	5656	14529	17378	34677	32749	23567
47166	47424	45102	74249	74388	31883	53750	64624	1677	35882
14984	38455	10594	10634	73406	55188	25328	50606	31850	52100
30333	62515	57390	47369	1473	49795	43767	30143	65428	54328
47157	56664	12012	59420	20412	37182	9598	28570	19360	26733
54068	8767	28412	30360	35689	13400	53642	13444	61312	44606
70942	47422	74260	40639	57353	60264	7854	51816	43510	5363
18862	49988	48051	1521	5111	4746	60002	21693	70844	4793
9157	30209	8504	2811	39767	39953	36022	5241	10374	18993
3679	22969	65876	41530	3390	59258	70233	14602	41431	24125
57920	48947	70763	40827	34373	4539	18908	72919	68127	5812
36641	1920	30789	61300	5937	48339	42924	8368	61016	5870
36444	32017	57308	64044	29409	19605	9321	42305	11131	64380
39580	38894	73197	48398	9613	69413	4402	36835	51068	62900
73171	62777	62069	9934	65324	73076	63883	36462	68171	30059
41946	72177	73779	12909	8130	70785	10953	72952	19135	32005
55450	68070	35471	68956	44170	54029	67075	19167	3931	50390
5037	32983	42861	8292	58595	16375	48203	58921	29091	61465
32160	31862	52679	12893	60625	28607	46337	28314	60531	43941
74122	64807	60000	64617	51712	28323	34767	17816	46439	6480
7239	41561	10844	53246	4663	14418	37528	60390	37325	2039
12904	2713	27986	41190	72914	56033	12117	19931	2297	70506
62795	51486	20531	8853	33525	38085	72591	4324	70279	38441
51510	66759	2432	21487	71111	17349	46706	19118	66502	71571
58782	72669	25428	58814	49223	35627	29414	23902	18456	55328
61104	46936	24652	45777	52168	29461	47335	41351	43728	73889
73169	20010	11241	12727	3875	30218	10582	58026	42204	8991
62091	7102	30030	14355	72825	47857	56302	25927	73040	14391
57071	63543	463	40304	32857	28883	25758	15774	20889	8010
27003	12112	42358	10744	50698	7862	5404	73173	28476	38150
8225	65242	68370	54503	34520	71485	65229	54254	3307	26738
50397	25372	12157	63800	30595	23163	50530	10376	42151	11679
1187	30997	39285	69249	15727	30126	8153	17444	24965	50321
15240	51594	25515	59211	54057	25590	69720	31677	12975	13261
16726	7239	16858	1366	37006	27276	43064	299	7043	38325
72312	44317	35471	53568	41844	31950	39947	16799	46069	71286
3966	9788	26305	27397	16027	59744	41847	26907	15191	22616
47182	12903	48147	49213	59049	31706	41441	46493	40585	44033
13663	64385	72863	67554	27483	18331	53549	63639	48327	24802
10133	36476	39577	71464	67906	19712	5901	52353	43129	72946
57471	22350	5762	68407	66849	8914	12191	54065	39093	6583
48168	16114	310	38585	68395	53525	34292	58961	52930	4533
9702	35991	20091	46383	45863	62664	62930	10227	43595	43121
55946	27886	34497	29956	21461	34349	73595	44559	43330	62027
67360	72563	37862	30921	43946	17793	21896	16766	46990	19278
28233	4315	1979	74091	46528	35143	68556	59827	57329	69809
9502	66564	74361	44186	67971	8033	21399	74341	46278	67936
52042	65840	19575	19951	6082	10531	10828	3911	74139	14606
34922	44687	34082	42248	15530	29271	38404	47342	26784	49530
53894	47367	65336	37638	24605	43088	15769	1648	31146	22384
4998	70098	52911	2013	52089	59643	7453	70942	2966	63334
71996	10892	66135	40900	39728	54620	24506	1565	26485	54773
66020	15053	66763	43835	25197	73620	68292	1021	47405	43275
36120	10312	15781	64014	44809	54440	31697	64521	9295	33568
41681	52814	58378	27219	44947	35981	17578	57681	70967	33983
35622	68397	74821	914	10712	41251	57263	11385	68055	18119
43452	50996	55554	72692	63931	60212	72790	59425	40613	21847
17489	10265	42798	35474	8333	50486	66572	74710	69358	58116
19826	46792	15954	46578	32916	40835	15170	27343	49965	44063
58714	23912	69225	48158	20268	36769	28842	55891	21836	55078
23234	15180	15165	40409	31123	30487	25785	11493	72901	55461
39008	22836	49531	31981	43220	56208	43325	7500	65754	60248
32719	36870	39101	67482	8096	71308	24875	10904	62026	15243
29986	61952	49724	8708	26352	60655	13032	4905	67916	15083
59502	28976	37435	45196	46089	6087	2658	18790	11492	3357
54464	39511	65814	5029	22430	35222	1655	44069	69340	22988
58751	2007	222	59433	5304	12150	57177	34028	12339	65828
8716	32594	41771	19241	23311	60784	24078	26136	2228	10060
66427	37754	11705	11441	73817	38472	17006	49151	50104	37647
58596	32988	52060	71949	4660	42230	4720	59591	37814	61108
74387	45752	30174	27789	35257	68249	55958	72097	14363	39570
20506	25913	25326	33943	21756	41139	16463	245	31348	49333
64115	35603	28950	55701	25970	51402	66784	46123	24534	34813
46597	17026	63323	5966	23259	22304	2435	7936	24631	9346
52693	6232	19033	54984	2379	27578	41084	22288	47340	70257
14740	52223	51192	42471	31891	68017	64677	18301	17881	28612
69438	15909	14818	58658	19127	50584	56403	7121	26019	73917
11023	41659	54781	64410	60101	38930	52507	14690	25953	37879
10803	65075	29074	63888	56254	4518	71234	38063	30884	53639
11447	16370	64128	21447	30741	31949	42807	46104	3489	17890
42801	25929	55630	36339	36935	9686	11540	46304	15714	22448
70225	26883	70805	53139	17651	43319	29463	11976	49643	60836
30417	42325	17167	13646	50134	332	2419	37315	32805	16486
26266	20389	51805	45700	69031	73115	882	1616	28584	19891
55128	64843	39458	50190	44419	69646	55191	5717	26048	2025
38858	42493	35821	46324	237	64657	37411	43510	65853	17441
59010	7213	61728	406	56804	48939	21321	63755	63422	32094
18900	58845	28816	39380	7040	45830	14703	73771	65448	72974
10624	74723	30671	8669	35220	72891	64238	58662	65052	11405
48963	74865	13321	10127	7221	6781	41302	2473	49228	36999
34310	56587	17673	27991	30601	70326	15512	59912	66482	42968
40361	44875	40836	7532	9613	40125	10581	25127	58245	32396
30995	55908	18968	12387	29579	72491	37729	13871	53304	61085
33049	1256	17221	49870	49780	22683	20606	61138	20402	53358
53484	54720	57799	62789	11682	38195	2404	31031	21269	14894
50464	57513	45849	16596	14582	10426	56984	21286	52871	6551
70206	264	13354	10473	51944	12139	60997	69303	6947	47167
13991	8548	2088	73856	51628	54598	74266	12476	43407	9591
11797	71395	65172	73466	53122	49218	31031	65878	51160	57870
61718	9465	1343	8488	67657	17785	56457	10826	27081	33218
25205	31464	61119	5476	70012	33217	41254	28503	34396	23612
66196	7376	47890	36585	15579	56621	12217	20894	20601	57867
58770	66920	34211	16695	71453	28322	38950	12821	41370	49028
11870	30370	46439	15144	21202	40722	2371	25487	68984	3852
18404	6686	70911	41570	70174	58022	22282	12183	30449	35717
62112	37617	6312	36032	65636	49411	36351	298	50235	33688
26762	69839	66553	31446	62806	25529	15858	68893	24043	13465
57623	33114	12854	72972	46303	60567	95	49817	3009	50552
69708	41314	60128	55386	18385	64855	66211	40985	22879	59235
22012	70014	30106	64175	63717	74465	55515	32278	72605	18924
15621	50231	10022	32346	26180	20315	59356	3653	36209	4437
19243	32859	30686	38761	28972	20835	16711	57758	39987	30540
7658	37895	31186	12667	5496	16992	13494	55985	73720	56694
66533	64276	13567	22632	43760	25989	53253	51370	56341	50014
62905	7315	14683	6896	25688	70366	3189	22659	72003	72082
35829	39674	28712	37929	10405	42445	23257	13445	70768	47583
70324	29736	28602	4843	36699	55639	67658	58920	19031	14218
17130	46311	3849	62164	36161	70650	31578	55198	21704	39828
74017	66655	19784	27128	842	57582	34495	25160	40706	37794
48200	22228	25216	22766	68877	34243	33185	47439	63423	6802
43651	24280	29377	36947	47609	6584	29464	48572	4277	34914
73366	16309	39335	11051	9503	4195	69055	36559	44126	22323
72338	48641	52223	40225	68459	62888	57108	43273	36618	40101
10360	46090	44012	69803	34211	25514	27790	38205	40154	74996
13245	51997	51814	58078	54723	52826	56343	24546	52759	67957
32558	20141	37014	25029	38522	53716	42118	19585	43040	23811
2051	3698	23358	42504	3744	71573	44376	19279	24768	17348
35290	55383	403	32677	64141	13321	2575	29835	3706	2787
51813	13575	48835	6660	26965	4543	69205	70531	23405	23370
25188	52274	664	7857	20265	30442	26878	48323	274	73026
72953	20094	6347	40591	41289	5	32808	30769	58778	42493
6050	14434	48409	65065	23527	61072	58418	8322	50575	32089
31236	48680	10596	36213	22581	51040	26212	7988	5605	15295
13967	15614	65057	33203	14812	5688	48276	55105	60744	27162
13930	29008	64663	28109	71939	18041	51677	31973	49350	71616
48088	29670	74624	24621	21806	17708	66543	33112	53084	22604
69912	59172	17321	34519	11636	3396	71053	6064	28200	22396
127	3399	67730	61218	1770	4938	41623	63754	28234	31076
26042	46067	65965	53834	50972	6911	66835	18824	68514	6259
7428	71686	48243	14417	1621	63515	416	66293	40141	502
66967	1573	20461	1017	19371	6952	63850	29477	9250	26467
982	51224	4482	35972	71877	73011	1424	11413	39716	30054
66714	59939	29309	11077	27889	53103	58168	16392	2975	44532
2338	43904	65199	61963	28440	62282	64728	50209	50117	31133
14061	58168	52565	49824	26991	51229	19395	18111	51165	35387
58483	61659	5733	10691	54799	27713	246	42312	74697	2573
58650	6355	32293	44988	39560	11627	51550	7076	72070	48590
42461	3320	69219	64595	34263	21224	19057	71263	52332	26837
47868	2067	29432	63940	61368	28129	69431	73767	41332	23238
43510	1697	45297	13244	15041	64266	61129	3554	56008	34537
32089	36025	21098	31090	20685	22487	29730	33290	71555	63645
53469	70981	40801	59229	21389	5670	66928	27646	45557	1725
72352	65475	22827	54415	21599	8170	45358	43078	5470	63657
52048	19360	44477	15289	43676	33205	34172	51351	71507	9953
44706	11366	39416	5245	50800	59581	16400	7600	47926	43676
40367	16034	13243	11830	19155	18696	10162	64028	43744	43306
67799	37256	43567	41272	25298	74158	13637	33550	31263	28713
7554	23359	45977	65978	8934	11322	61300	24896	10081	58685
31696	72638	21232	63310	26931	52197	35419	25629	59256	37486
49545	72871	13186	12351	21020	19918	51120	43573	55275	1972
61195	61074	70674	44291	56263	71029	58965	47238	35132	46191
70572	5393	32328	71272	50333	60781	51449	66486	3871	10542
7717	50380	10782	44062	11139	47457	16396	63478	33659	58398
25723	67204	43496	52160	10984	53158	12166	39292	61431	355
2322	73879	22603	70846	38993	16295	53025	68496	54693	35005
40031	26676	28049	21420	71493	56943	62289	36135	56091	4493
8538	43074	71551	21109	3198	39974	26239	9545	74845	41238
29642	72255	11813	34924	6802	22889	74536	31288	32099	63175
43461	29191	51611	48329	65784	47401	41554	9756	60159	35807
35130	74577	24123	5788	50381	71988	19078	65309	17646	5689
15665	47745	42012	58431	35969	16413	44134	7239	9568	33675
8148	63507	72142	14174	47779	47011	22536	74585	20503	20024
35086	30399	40406	33315	10612	41299	1409	44256	72652	28427
15737	45798	68397	63346	50275	45287	70846	13195	22312	71161
57138	3925	29402	66889	9932	31700	67058	166	66824	16674
40245	54376	21434	8859	40904	51507	29799	74678	25460	19697
65081	10539	15615	2898	14499	17724	34716	37764	6078	8367
26935	29210	31123	3647	19833	70224	32726	51166	1947	17260
45535	32459	51259	52650	14012	26082	23613	19628	29540	61661
72376	51330	20742	4610	41371	217	65722	4602	40924	67018
44627	36000	72569	7626	74606	62346	47381	26265	30218	70186
26043	69583	9211	44018	58151	3625	69139	42133	21730	56503
66451	4049	56071	27977	42589	22547	13987	58283	1140	9889
38652	1624	28900	57587	4390	74842	39640	13246	17845	47920
29965	1698	22780	7019	22017	73598	35959	5713	40905	49407
27058	34674	28279	69485	4730	56777	55885	17908	69708	6398
67464	9678	25890	58840	41983	29656	46900	45786	74248	8978
36303	73348	2597	66168	9971	48146	8081	16528	37054	8281
53795	32200	47355	45948	72224	25019	74465	12114	5309	55916
29672	64548	49584	57259	53628	39586	31773	47990	5829	44674
22038	27374	46504	3885	27323	52331	19355	65048	4067	16090
20602	61387	74048	51573	34626	56264	4680	55954	15794	25991
21277	901	41673	58967	55761	65624	31555	6070	73123	73896
1559	63865	15529	23423	38410	70993	19593	40488	39634	40530
9239	55615	26633	57187	68733	33594	42157	69074	74764	8812
25722	2436	41288	44621	31309	25915	22355	68830	28665	71431
13107	51205	55254	69285	16649	22450	59481	67318	72282	1283
74972	51759	9430	18840	16642	58909	20955	40702	72095	7164
23126	26801	49520	47902	7441	11735	69147	11336	52263	9257
22301	67094	693	60999	22931	72443	57798	8954	19036	74637
21388	70771	7630	66228	42071	470	5839	3471	46211	53145
67144	11037	26253	70351	62394	74264	58446	367	62448	27145
23387	65315	23856	54591	54059	19131	29550	54339	5480	44339
34758	38064	61166	53876	73404	39755	55806	31863	65234	17150
65062	54930	14235	13315	66689	70700	9520	48939	30072	13253
9554	19413	32826	73985	56848	45703	56827	61155	69001	49821
32423	66846	3163	33320	66132	37782	46437	1250	28583	34459
34680	66075	32748	68438	24571	43932	19496	49992	34823	22363
42711	41994	72442	72455	43077	57521	61025	1624	9633	22754
61696	43433	30396	7668	8125	10907	40804	16564	65134	65917
67811	61026	55618	39446	14434	20431	33691	53789	12472	20054
2148	34330	10399	33005	49066	6807	47129	29007	16196	29239
30293	23829	68695	1421	31251	63581	6442	7560	12880	1504
56293	7265	69418	43521	18709	26725	15397	36054	12432	6414
9177	54162	21234	2090	72985	69252	73265	11928	8667	39156
775	10312	61231	38291	50163	40233	10993	37608	11329	45615
15357	35087	20646	68906	50723	20362	20604	68455	14305	1286
51926	53927	58513	44511	29056	46103	18028	37980	44831	19688
32416	53996	39571	44278	54593	1703	38230	51348	24565	65601
21791	4040	3339	39094	19523	58411	24780	6166	22736	32211
38346	12152	67093	68003	1831	42856	49584	7982	49898	2993
53602	22340	1807	57294	45958	46745	48534	20122	65742	56337
55157	20463	49023	64854	51466	28367	73992	42277	46834	69598
25356	65990	58264	57261	61541	53075	28957	26313	73619	47672
61769	28074	3492	19403	1364	19682	43736	64214	21368	10160
48325	33051	52205	58610	5980	16226	8422	133	19625	46172
20510	53607	18821	5449	43811	36433	59243	48182	49704	1261
41800	51074	30284	65403	62526	33908	54041	5788	65855	40307
51346	38488	47339	10756	31861	14467	52489	72215	21094	16748
355	36279	29264	72134	19391	30038	27067	51023	44841	54925
21249	10387	31301	67334	51494	35798	11192	41862	17147	73809
41312	13153	24859	5292	36627	33258	37033	45370	34349	16540
68517	6527	34086	51577	73840	10370	42976	7969	26911	5871
21160	74452	38310	17688	62453	4756	34796	1475	2060	20843
50965	46183	13520	41812	60142	67085	22609	27912	54443	33412
37842	48711	59715	45491	21215	33646	29592	47512	72662	17131
13703	66419	4933	13608	72044	74345	51316	40535	59859	36549
29919	66568	64730	37979	36778	43004	38657	734	44664	17869
63179	11119	39325	30710	14145	48732	23142	31409	30595	69579
1338	42241	47250	20066	32469	50353	15392	22596	8014	37171
58854	15325	19236	42066	74417	17544	49420	52074	72063	20487
31416	43237	10553	8136	41073	56435	23191	17129	18095	60831
43375	4608	14	48056	56977	10833	46118	19581	45778	35287
52614	25929	51003	8828	5657	1217	9840	69412	46343	60946
34410	14877	70604	41423	64393	68700	47167	44727	65310	17874
35783	61562	52935	28138	10151	15775	60176	52497	38508	5812
13577	35554	3331	54841	9272	42079	68485	35061	38088	42931
3877	73128	41119	32843	72746	9359	64420	51712	556	3837
20422	509	72229	9762	218	67804	69613	13473	14520	10481
44259	58722	24564	62165	47437	49031	36041	2177	72602	41572
30610	52531	4438	18428	6801	18046	5892	27926	10339	22894
36062	4695	73432	26959	52634	317	39253	51518	43466	13068
32530	34287	12618	914	33381	9565	2142	27004	25702	66754
54688	19714	6427	59772	25766	73279	31395	19291	69745	61757
49943	37547	68639	58786	220	53921	17753	1607	40651	47124
26707	53539	19167	41298	25070	61238	14211	68523	18984	24365
14257	40539	18735	34165	66412	42396	2264	28808	57192	14941
48435	37156	63122	60228	10268	68337	64750	5972	21841	27147
23287	53569	73828	9513	28398	20665	18082	60706	68991	58561
20735	15059	29498	64993	35106	22535	42482	62273	26625	60360
44942	27602	37164	42760	27058	63366	27653	40865	32991	13156
19342	50964	56422	3573	2362	38722	32329	57745	56584	69664
41390	23527	68262	53859	73572	51683	13858	9005	10469	24407
72832	38386	39849	38986	42644	65223	73050	37468	33218	710
41029	20132	68760	44863	57077	56590	52218	71479	50460	64954
51650	2894	4950	51297	8659	11112	65072	25502	23247	9708
27952	68368	11038	47084	52306	71990	62891	9717	57522	36969
3700	69337	41718	73821	50070	11835	69533	25692	42442	52601
20204	16093	22817	14864	59401	1653	34378	31807	3136	36078
66039	64006	4473	415	6715	53661	10172	59770	62693	55545
65099	47361	5103	52799	17438	17347	44882	52241	21164	37588
34652	39939	33587	57619	41164	38654	3379	20060	4649	64341
40903	25310	35519	27503	6515	1734	2431	30552	38672	52619
31050	3091	32719	3598	15010	3032	39402	67337	1508	12548
11128	36834	980	15514	46662	2842	58949	55705	54485	16161
24391	73460	46008	45390	47281	36664	45499	67494	38988	53097
53752	27229	16386	35188	43421	10417	18058	45848	39241	23506
12827	12869	71764	64901	1141	62139	48720	17903	13233	60125
26302	3491	44710	55266	19504	20152	7371	10844	64120	34882
6372	46356	45158	47282	11420	64604	1935	53513	52503	14671
12425	10300	16139	21881	32715	2296	36347	27259	31320	69597
16673	50640	23815	2326	17830	58180	7570	11849	18459	74000
55795	29486	46189	53284	14822	16327	19794	31474	6530	49698
27101	44116	58068	17752	49677	7367	11752	30208	55025	40804
29633	5502	6005	71124	14735	35643	62186	69866	66263	22765
74181	47515	41282	73012	17792	52535	67801	68785	38735	61650
39159	31479	37579	62881	68023	56601	74523	63741	55276	9451
47017	68024	55677	53897	34340	31872	11130	31316	73909	43708
12565	59925	67310	1513	16215	4732	5921	27621	68187	2234
51668	36913	57075	54130	69255	4828	676	29558	67185	33946
8610	22522	52062	54181	26002	1356	29055	42908	49850	66549
15731	13426	11968	48438	22545	65847	58918	58209	19050	18308
61828	17935	28698	35656	69400	74051	24041	56664	52767	39966
26195	35091	22560	47765	50465	18059	19173	15935	72333	47792
35370	54879	27792	57832	4323	33439	30526	3750	67390	72865
51771	60509	4500	37795	2091	73821	52747	73676	23334	52553
64789	10284	28861	6759	9196	30866	1132	41918	37313	63720
44464	72647	6039	55570	7909	25554	6596	38673	16660	63664
42952	3641	23050	56273	52433	19003	52201	9256	70364	53131
23421	56564	36692	28772	60475	23736	20698	35009	48537	67008
5354	36889	52901	51881	19423	47554	10855	43890	6662	74196
2930	34339	55632	19337	26047	62765	13794	69832	23996	31812
73509	16543	55115	31522	7121	53080	68332	44214	49125	62467
25034	12040	47102	606	56399	7830	39364	16283	23289	34702
10221	3374	36511	70911	59788	13573	3916	32859	3235	73724
50549	3031	43690	3327	56758	13563	33571	9221	28176	24068
25175	17153	41269	65430	52792	46057	9290	14761	23527	36837
2860	22475	28745	17664	31035	38920	5202	7597	62337	66439
68128	5038	47038	39217	9312	42866	7719	71723	30768	10855
67367	44160	5232	9947	10529	17810	3038	46562	40661	23652
53882	30149	52298	31808	29464	33635	28154	51334	33847	5943
8284	68101	27660	26275	7243	38623	38959	47492	1166	73294
32243	62706	35814	32990	45998	34218	6723	14701	48470	56864
39205	51809	7038	33755	73601	33587	11990	24001	18403	53085
19203	64158	22204	50359	32563	12964	47249	62178	51477	48427
67673	57085	57011	43250	61244	50373	58530	48144	55261	57570
58186	50203	188	46018	32229	73363	71821	65501	73969	36996
56298	67713	36588	43777	71888	14700	66365	20593	41846	12991
72604	9566	51779	29777	33975	26070	36995	44862	32472	65839
51956	27161	44213	4286	3467	38645	65952	19344	67213	29433
64203	24141	68512	7564	72027	19225	45728	58427	29611	43062
17037	52348	28537	60555	19345	59630	63002	41148	6922	27492
35809	21167	30080	61444	45256	6879	59392	18121	27154	24484
72248	64249	73847	16577	3582	11826	62708	74556	28050	10526
52133	1674	23193	48039	40714	58141	38667	60892	72434	61199
52623	67110	50895	545	20779	14691	73249	53517	18634	56467
58783	1460	48375	11605	41998	28482	11106	62251	37866	54066
53454	4936	30735	74172	69850	43048	22551	44481	72891	39607
74366	49451	38070	47440	25904	51522	23036	34592	66223	18836
60490	26453	3725	25914	39331	73267	27607	6309	6659	31404
38477	49009	65352	32753	61522	17599	45548	57289	50558	27463
68529	72359	24049	4524	61563	71664	46600	41400	22715	53817
35752	47737	30245	43364	21303	51001	37778	5716	32369	8295
32351	5079	4972	65847	6628	41216	10807	20477	16964	7690
55044	18738	66114	74542	7270	5051	9498	1933	21047	38003
7730	48038	71495	53014	44348	72357	8877	70367	49901	1390
57378	55822	44385	26069	72584	10408	20379	26567	64710	39344
26516	53617	66396	69751	18566	74031	65693	10351	46350	28750
8928	5298	72313	54103	13335	68988	51079	61479	23447	3204
16837	73809	2847	34446	67131	18078	17174	61798	69729	52940
7103	11759	19239	49717	32412	41483	37952	66821	72660	1048
30967	2397	48444	15386	56373	66571	35104	36250	19960	22989
54932	38074	60556	37178	12340	15854	24142	67587	16156	64074
27872	37784	68278	8492	54063	13219	53299	59438	9037	11827
40569	11088	30667	25223	61458	68965	55139	41367	64316	46728
47380	18381	1937	11213	73138	8613	9318	47075	55722	44703
7275	48001	17740	1443	3785	57568	37287	16094	72457	6091
56664	26731	3923	55167	13256	58707	59019	64332	66995	54629
55267	43296	73252	52514	27727	63698	5849	54324	45250	52030
62312	7127	46515	34126	59906	53502	26357	41001	17227	3945
44769	8132	72051	47135	51991	66130	28773	20080	35262	60066
39287	40996	54902	18840	45219	27038	48239	30925	58677	16117
4092	63148	19741	43729	12569	8243	46990	34616	13135	11429
33269	50266	56537	17588	39457	30707	46677	29072	1652	13669
43562	16579	17425	6795	36954	35868	26655	65266	5207	15150
42105	68633	43018	591	72253	40084	12710	52289	30227	39721
36115	50519	41436	61582	19744	25574	46181	22708	58984	62389
49236	21167	42086	8951	3734	55180	14508	59331	38822	4047
62132	52364	58722	62483	41471	61986	53071	38635	61265	44662
69489	67219	64938	39579	9329	48015	62679	67781	3767	56902
57117	20035	21390	48293	40731	38422	53803	51918	61334	37764
33134	70216	35580	68887	21681	12942	12599	73508	611	60327
16400	40328	53854	60303	28148	73798	34793	48638	8387	36101
31515	19378	14630	2387	14442	12404	21773	65356	6883	70462
4109	67618	14380	55275	74272	52358	22142	41467	98	69800
62713	57398	68239	34329	16671	52211	33615	40230	43738	15620
37252	35160	10095	18225	22316	60774	49963	5616	39276	14411
10331	37461	73465	71915	22645	24316	38143	1318	56874	26449
43542	41633	13766	26928	13665	2365	12486	61438	14446	68081
20706	47318	57129	68448	21307	8239	70885	49519	45370	7194
49335	27571	9134	68187	39632	52518	13524	63741	64112	49345
68070	39494	7516	50646	74517	64124	4580	70152	18651	62157
57867	60225	10197	68132	37475	7514	35187	17909	68754	71894
59802	4269	43543	10457	27883	63942	19753	32877	68517	60522
1281	43483	12726	53121	50853	16405	24584	48994	15132	64075
49293	44723	42180	36384	6213	15351	59011	42962	52611	26553
36128	3478	63960	29766	61885	20238	8635	11465	26652	41181
63194	21506	23036	62399	42491	56760	2520	1268	63126	18946
52906	8474	38138	58255	47424	35557	25037	50088	42629	37684
7902	68434	8320	22090	1334	55247	14400	6610	43237	42380
71965	45891	53707	17316	67480	4792	55776	62162	21673	41044
47893	37908	41043	72586	14460	60302	22579	38117	8982	48793
17531	16761	3442	8962	47238	53852	2745	13238	37690	68985
55285	50474	67662	60569	49174	46158	49921	22677	12532	73114
53276	19238	12304	34425	55250	20901	1293	54903	63796	64514
27203	13401	67545	31353	26365	65188	25973	53916	61414	68391
40216	10052	1121	60298	69266	42415	39376	14496	61941	21885
50777	34900	6787	56571	54408	66314	12425	18301	48936	60144
38576	64002	60842	58013	52972	11154	43166	37210	37967	47924
46675	19633	23872	32759	66100	63665	73900	51028	6619	51750
38216	37696	12573	16866	4276	37371	71725	15750	68857	72818
1964	21261	33328	37950	35531	23860	53307	46383	18188	61816
55213	8583	65413	47616	36493	19548	63298	23606	46545	46889
21506	51480	46009	15199	68690	52901	10835	5397	68196	53253
34651	14419	36296	38639	20390	39756	27882	74267	41939	37393
18710	6792	9919	20727	70322	68028	68919	60647	37324	17251
12734	44972	3613	50859	71282	42931	16824	43006	12713	22484
26741	57218	70130	41458	49523	25032	41033	44124	35847	1067
21700	46023	42841	35080	28592	14650	38951	12059	29869	30248
63717	17116	24556	18140	41763	36682	6101	26009	16493	54934
51555	40217	62494	42246	16031	31919	19244	54873	21284	16016
21337	32066	23413	28543	26556	66485	64094	42420	50334	51653
63812	10183	70922	23334	11780	37650	23156	46446	25157	10603
18308	69335	48727	45504	38389	70844	28278	8572	7892	50253
22543	42156	6658	61267	58124	55171	9090	74899	52325	59384
26319	50238	36086	58282	19135	49464	64359	37663	60819	30090
42328	3819	32533	7788	65557	29614	42325	72219	70806	61610
69137	49213	17881	26905	44146	71429	28665	40986	33933	47830
73004	3672	246	45582	23649	53567	39479	320	28730	4884
67175	70741	20407	23087	46374	22360	22012	54135	8818	57909
61981	56364	69834	30002	69603	1432	60646	67645	29893	10138
4563	13115	6749	69381	37442	14891	24656	37690	17266	55894
8600	38195	6898	66078	6699	48669	11814	14068	36482	38317
37690	41577	63510	67046	27607	19517	20046	64716	1869	74496
38022	37384	44371	57988	13005	57681	53552	42408	38679	36912
64827	5410	48381	64186	61676	17780	55613	10825	26073	9351
22765	8971	2854	23718	3025	39241	1739	11511	25254	33755
61759	2913	34619	49534	62742	440	25733	3461	29341	43305
4520	43119	67752	38068	24623	46521	52985	61709	6140	59287
28083	7798	23641	70302	72184	21880	55834	7576	10450	54555
22822	46480	19674	31032	6102	64363	72241	42032	40421	53976
25805	16479	2631	11114	59274	68197	2760	40028	3829	48766
26679	72935	64926	22442	4535	68459	52681	52311	39562	57495
21787	63007	22497	29503	34596	40130	6816	44512	63483	2297
27064	29272	35991	5544	74138	49928	50160	8999	15091	48285
2752	60703	48050	28895	28417	18895	72151	30237	47566	28744
68134	32100	40022	52680	64846	16321	68644	47220	18573	59065
8372	62255	20509	73288	2081	41287	20357	31522	47532	52609
58080	66538	69558	49355	43682	34966	53712	72432	23684	729
2014	74438	22553	40731	57454	31923	19264	65399	22509	45850
58477	40820	51985	10262	56284	41137	10337	33825	58913	46511
7175	1046	39795	28478	45964	63665	57374	32376	38941	16553
14279	50685	68739	48217	25471	15740	26732	15853	57212	22989
14065	41682	1163	44938	59173	51281	32627	29394	24037	70070
65639	68055	3056	21170	31573	58756	50187	33779	58616	26767
32986	69759	14368	18259	38352	26273	36564	18150	5901	30351
61322	73149	74347	43078	8219	49765	13608	47365	47812	33289
66615	19685	58962	44078	61101	37665	21503	51385	3858	20183
63899	16316	74734	23788	52065	64759	54786	63621	37655	70923
13831	9488	1157	49662	41173	39472	56883	60655	69404	64665
10942	50351	47288	18133	58097	31096	69513	61498	19398	65366
36914	61963	34021	29690	30963	31002	3973	21237	24282	62632
8539	23860	8733	13360	30879	63281	48910	59467	66654	34628
18466	6882	24463	65812	19559	74009	61466	21435	68491	22159
74733	45389	72169	56734	35809	55247	59794	34944	34766	48158
56241	59985	35403	60915	39386	25123	32372	67760	35070	19760
2020	65951	24911	40260	16586	29224	46043	27084	23769	37587
60802	41090	69159	54154	15071	49363	40082	58485	5227	33148
62296	33607	7294	1934	23144	47782	28440	31547	11343	31596
51060	30545	67154	55691	59237	73009	33664	9363	42864	43240
63285	29128	26808	51886	73343	59081	73805	52564	14478	52816
4870	60580	64375	10211	16327	26311	1808	9970	45532	60842
69755	6869	60827	28415	49348	46682	34327	71566	31183	467
50180	43290	13028	2660	44715	16326	21104	34821	17491	503
31356	47343	48306	66442	30029	17989	7426	63852	11688	30630
51892	15161	44715	10466	21383	74782	46104	60013	3117	57377
40513	57901	71675	66112	65045	16392	43326	37601	20331	72880
39324	48554	13284	7761	21477	28338	12670	63465	65778	42340
13328	34046	2916	28346	39479	66052	28089	13883	63796	62688
67041	2497	46092	26874	28961	62198	66822	41073	11401	70552
29830	52481	39446	32358	33356	33876	63905	11554	15133	4636
24620	41375	59254	32838	44353	64018	31546	71244	30195	69746
3620	36061	9095	3196	69335	7866	55629	56238	45336	40530
3379	19395	72045	37440	63515	6619	37682	26247	11699	4546
31999	2253	16352	62561	31293	49635	52943	26369	36078	51710
66166	3024	29579	17850	48657	62515	63813	20566	30304	49890
34735	29318	28808	15869	7745	70134	12794	35235	65598	25273
12735	16032	65191	69500	21159	73873	70281	32362	32123	74999
50051	34688	9300	36301	69844	59058	6519	39554	15085	36559
15528	20356	45081	34106	19063	590	59520	10005	21957	11130
44551	39267	55528	53649	22863	32112	31959	21623	44000	46163
68746	115	58723	13395	27111	18832	531	17089	4901	60011
65502	21772	55909	53250	53872	40394	53262	31808	30188	55244
28344	3838	17578	69924	31197	14122	12794	68065	47771	55044
2247	26317	56926	8196	41885	36386	6156	69521	6980	68008
51962	41061	39160	48228	46577	1882	12954	61385	69461	18453
23839	31241	68878	23389	30406	20006	50110	67308	52251	19493
62668	8729	63460	27888	44404	11773	64248	47479	45140	11574
55554	25248	20024	48006	40812	34527	28833	20826	41189	27866
23842	9452	62009	29544	57434	46780	12955	30401	26105	66413
67490	590	20404	61310	3540	55843	47887	73584	22515	22773
45997	35624	26962	73867	17165	64982	53357	62803	33588	43569
42093	52417	25597	50331	28183	33352	32668	74634	25765	43668
44797	35855	20090	8136	22752	9864	1643	17431	62008	61430
18822	18142	65246	14804	61847	19290	7085	62375	11848	52692
12152	45176	4456	40835	56879	32356	53075	11619	2910	41448
24928	23802	47954	1954	32120	23381	7432	21275	50768	19788
73326	14972	32232	13426	711	71110	10325	12600	4448	312
69413	23138	61408	16966	60144	9511	22561	52635	54811	49409
47372	40444	45731	6764	30394	37984	35302	48319	30483	63774
10508	12861	71006	24302	38381	31901	36531	10464	40795	36403
54325	62547	62292	46581	12869	38927	15701	69314	61742	67032
44586	44419	40196	312	4224	48094	3744	71403	66270	24300
73867	6125	58873	50956	58657	31635	13987	61621	31466	51469
34292	51007	6721	19134	2203	19346	57832	49814	30339	2033
68222	26999	5864	25431	14007	66909	49735	68588	25791	43742
41568	62138	65283	9837	61915	19521	58865	42797	18546	8420
13194	70157	45441	67784	29476	17248	22259	52288	74758	49824
45493	28519	56418	54931	10260	4759	3871	48619	66539	24497
23920	4554	14610	74556	54764	26927	46446	11286	17393	57086
13258	51524	67891	54533	20250	49518	63022	1308	59430	1760
55155	7939	43494	41257	49349	25404	23582	42450	19488	22624
49771	17553	41146	20829	73501	70664	19095	11513	58461	52045
45502	49627	30036	27993	34939	16035	27566	55198	31850	65086
25514	34753	38628	73950	50247	24627	5237	25904	68492	73617
57478	56893	64618	74943	5632	23018	53707	39552	8516	49600
54778	40758	66966	25016	49474	26723	4586	16435	19404	47103
33092	3545	20541	40171	60234	45549	6863	7796	12234	63924
54927	50583	47408	73909	44966	28821	8221	63815	59745	32042
53450	51648	25489	65557	54595	4869	23472	68775	62338	41183
66984	20931	28857	28198	53344	17528	56075	50293	32946	56721
49722	21112	14580	45154	13203	25541	29588	4999	74764	10026
57611	44699	73119	15059	7984	33315	17786	46314	38139	52288
36030	35333	53299	15462	24941	47824	30956	38473	41078	37245
48756	30286	53793	13963	39837	64940	4	48121	60498	15099
8632	72171	23565	74547	5031	8768	17867	65907	65770	66202
26747	29884	39321	44160	45987	37314	55137	14993	19180	20355
71066	14692	17435	38217	22541	56682	13507	73028	38905	13849
52724	71314	36500	25303	26934	59444	4556	74276	27067	70903
2118	32068	49549	31632	22348	46080	50349	39305	67548	62756
73387	57877	30297	39956	50999	2868	29783	68492	56047	14997
67643	31150	47766	70986	41837	70215	5633	41552	65917	48175
16210	45092	47283	10796	33394	59538	3040	52714	5297	71524
26564	42440	45993	55768	41737	63800	39704	21681	16829	45128
60840	59400	16448	61101	68633	61578	21007	18305	15221	63556
8843	68276	65432	55124	25707	17042	27681	35318	59668	44866
11307	38336	21790	29310	71027	55232	16082	25141	62632	21292
38002	73455	45912	42141	62027	47315	72986	50381	65097	24371
17730	31953	38135	1288	43515	4264	68790	28460	37118	33234
776	17966	1988	40518	64881	36067	49561	24577	70052	59570
11492	6158	14897	59664	35121	2374	16039	8349	46155	3521
56496	27522	68913	12454	69650	60173	59697	66752	73987	3997
26227	3196	4256	37747	68027	56108	37844	63345	35423	47548
12220	74375	8092	64502	20597	37965	1707	44244	48322	9568
12077	4307	46654	68721	594	67780	67878	67447	44555	21246
40071	18445	15495	10858	62232	11603	59274	19668	67381	42902
11033	10836	74893	33440	13393	9056	39943	47844	51598	70004
32907	57767	10094	27253	58023	59337	18240	48173	3841	57840
55675	18870	36882	7804	31431	59678	40490	53230	62855	46454
63048	22874	50981	6712	20879	65769	54130	12071	56441	14704
51636	51958	9767	74766	1136	72867	27836	18888	2492	37113
69065	41975	50692	5368	74544	47774	1244	35319	56690	25482
34698	73263	63089	58074	9041	47417	18879	17372	53878	19711
12311	54227	33102	47181	7141	31176	3958	52316	50406	19519
20955	5564	12525	59483	25449	16176	30288	25930	57359	71440
74011	15486	35271	41724	1043	5676	4574	470	1268	49710
54731	10269	24972	53349	3707	31508	69003	598	58651	37496
47503	8277	74732	43848	34067	62634	12547	3345	7189	74314
46730	71190	46918	21074	8178	11808	69097	31762	62094	39108
64314	29597	60117	33233	34223	66442	9826	60646	68194	69340
9141	6110	68385	3210	22726	12120	24109	47138	73427	60012
26610	58702	36645	66424	43042	63525	54958	61256	50499	36912
4082	67531	28108	72975	53440	22419	49899	21803	52694	34379
53753	55424	54243	11746	51964	25569	11580	44015	65985	43364
66287	74501	36549	24047	28392	20535	20548	37440	49080	65718
12228	20029	59649	62018	61179	6706	51520	33438	73069	41365
33617	28521	67975	60972	73813	36589	4208	22066	41426	30495
2328	59168	73041	50060	3283	1406	20723	72597	18375	29692
22367	56028	2958	2562	31208	74340	43550	10470	53590	73325
31722	64124	49335	54954	53535	16582	51207	28992	59550	73784
33860	40044	60590	1267	71681	56939	57830	23900	7601	23163
62133	68058	5750	24486	73385	73908	68795	37139	69739	21144
40729	1350	62609	16955	44898	2289	65109	54110	2667	73091
15359	45636	7505	18899	24349	11700	54147	62788	2774	33462
19952	27627	61381	167	12197	66865	4803	40526	57117	45229
50135	58035	13058	53727	17107	41808	39860	25730	44207	37049
28355	43079	59028	52783	49947	14839	71028	18848	18692	7490
58597	54300	42547	20643	33755	47872	71560	20210	526	32019
29249	2703	13784	46387	70854	3194	55836	52904	65794	30986
48165	35247	11215	55991	43851	28930	44888	7117	10029	73191
37506	3717	22513	42570	17941	41029	38977	7613	26285	9232
53971	6805	23050	13556	70238	25848	38331	63255	38762	50009
45110	24814	42934	30300	28871	49213	42777	43442	47301	61149
48744	45531	11387	64818	43405	7414	53298	51524	69316	46033
13184	66774	3270	12834	9356	12449	18539	2901	63860	72453
33179	40799	52468	53647	33605	46810	60298	6642	50585	3182
29211	59723	42343	21067	8423	16488	3586	49676	53760	33335
51269	61802	73621	11144	58279	41913	35583	1172	47446	14779
26119	53658	9984	56195	50532	47739	71024	8543	9081	74702
69233	21805	35253	39152	52338	19392	9606	19886	34259	51158
49471	18696	3414	69584	4969	18694	49777	43769	25962	69273
37947	28831	13924	74020	49099	32282	22766	3682	719	11603
2627	21746	62919	55581	71318	60087	17342	8432	71678	23713
58538	58822	69704	59121	10708	20512	17469	21370	22616	72794
57917	51733	69876	7902	33058	38494	52714	50836	15877	66718
27306	54724	18629	66033	39661	29548	4302	14980	4991	30735
36412	45831	68846	55694	3202	48980	20513	42710	71854	68351
72238	23279	64647	4137	13788	57385	39602	61561	42947	19486
56842	31665	15869	21963	31927	63822	54239	28171	32877	46420
61708	12165	111	47671	12091	71526	30397	38358	17724	49338
2076	19044	9334	49809	40438	62195	66140	54288	53011	55918
63756	23577	23487	30695	34131	55181	8191	14189	28403	37146
28158	22936	10617	23844	59930	13266	11601	72394	57614	37553
22485	26142	33226	60707	18512	2352	45217	59283	6191	29166
41738	62889	33584	54959	66694	17154	38578	49269	32442	61780
5140	23103	35532	57318	20922	74173	32639	43446	529	30000
58825	51704	15015	65149	10055	17561	24948	17277	51156	11346
56646	4087	3641	12203	25070	47326	33201	18879	2585	9265
16194	28701	47340	69860	11334	67559	59642	53399	44477	33386
10666	70850	73520	23924	35019	15486	40134	15931	65117	10902
44618	72074	16965	30781	59603	240	38511	28042	67026	3695
15070	65891	64735	41809	11782	27569	3657	46308	51652	29763
31487	44594	290	28734	24573	42154	26175	36107	2257	25245
70266	61759	58463	58754	8648	31462	65142	43001	45838	49422
50629	11895	70500	46967	68065	31475	28567	45364	14770	50749
52248	57683	33108	13591	73746	51713	18494	48274	7595	7859
32553	28637	4267	36384	56351	49521	63790	39886	22450	52803
8022	35586	67648	15033	5806	63078	35708	69087	22459	30700
35028	37253	67330	38999	11316	41820	20996	9632	67047	1828
32034	72188	68158	31870	46005	74838	45926	24758	53473	40363
33349	67118	22860	8649	24366	65262	48460	6687	26374	42907
23371	16725	72385	30786	42028	33152	2969	9701	41731	41763
71498	52885	20673	57449	38099	71599	14008	16692	38437	43681
61656	26604	1455	30328	21463	63462	56561	53630	33062	9221
49558	44440	4196	21728	52025	26018	35252	54185	23416	44531
23637	58486	73359	33736	9750	40750	14848	57304	34645	27624
56739	15358	47584	39660	73459	54352	30926	29089	46996	5822
17083	46277	1315	41759	39144	8900	67615	7393	43808	18287
66656	35983	41431	54263	60527	70805	44880	57261	71505	51101
1941	25939	52613	7562	34854	3638	14108	13543	24133	15196
42291	18082	10969	11047	20010	55144	64962	68237	46711	55721
27288	59556	15910	65789	3605	25689	39440	19453	61361	74562
34881	2256	57666	57594	5362	73653	22926	11660	56674	67545
59672	49697	7172	17116	60029	21805	14137	20435	58268	44805
38436	74435	30533	10991	1673	57398	28275	39088	51357	22521
12228	1225	72513	18361	2060	43857	72012	62478	16331	45824
67495	29757	37842	31105	74127	9161	74475	36583	12553	3442
51420	21825	17877	28642	45986	36672	29382	20193	11936	69860
41417	74176	52986	66287	32146	30900	30143	52313	73881	1419
33033	68529	22440	43803	71229	11750	13319	24880	47843	21517
65573	8099	9405	54450	64766	32485	68267	42096	36239	19084
74156	42021	51250	21078	54582	21871	56273	22864	68568	20081
32004	21738	19947	19439	14362	39409	5051	25172	38085	32219
14762	1267	64101	49311	49429	59438	32335	73467	70332	47582
68584	18577	24156	46311	13395	47686	65327	3970	64561	40152
16860	20833	54741	47907	73095	4042	29959	25624	65694	19211
55397	72512	49724	36916	48135	60506	50051	15443	42951	44906
73887	65012	4198	1414	8728	73400	51634	24235	69909	46109
30066	38415	65744	67137	33864	53851	58544	40637	17985	54099
43392	23148	46212	4987	45596	8184	45528	56358	13606	59502
10184	70486	8271	16317	9858	40963	60286	74228	17545	55058
16618	18979	12964	73245	43310	5196	57146	50870	36288	2597
55193	71683	3888	40635	64549	56850	48508	41801	2757	22708
48976	36440	58253	1267	43894	25672	52377	64766	74450	11593
10015	43587	56209	61855	61162	5388	4063	49736	8666	52036
28283	24630	19057	38744	16498	15090	29795	4325	27686	31689
54802	67244	43785	424	46824	18009	6521	14393	18642	49048
67122	9347	20870	24666	24879	53728	74131	28462	59484	56684
28547	28087	53043	63583	22671	27278	35002	43096	26360	19029
67606	6587	28852	62951	56419	4669	13959	3093	45771	62823
68206	41690	13105	6275	61690	39543	55294	10973	57294	54311
29167	48365	30390	23131	15306	40640	20950	16569	61164	26334
7493	45607	832	35256	9079	23324	25470	21124	49064	30574
60643	16255	29176	63320	17623	30430	16287	24030	62988	34918
27990	21813	21021	8237	71790	36833	2056	39907	25349	59226
27349	58971	22132	15734	9378	58058	64449	19872	24117	274
40238	47801	65193	67268	33775	49415	19718	29880	58467	55589
53209	39505	2514	47295	12368	72755	58416	50448	51999	8876
66960	51934	19657	73821	43309	20856	56826	20115	70514	64524
25618	24782	52288	61562	42562	50257	56326	69640	66793	33380
62040	32710	74878	29343	3549	851	7722	17252	24797	25578
65190	3675	25168	56063	18745	33814	57618	71784	60196	21126
70293	36888	7648	7234	1030	62287	1636	39523	65097	57775
43972	43038	55798	32711	27658	39298	61388	23575	14390	74208
37811	17271	24578	25072	25370	47574	18503	24885	58178	46877
18736	971	73525	53850	12153	22567	71361	7307	29581	7002
38116	54636	60674	53145	74435	3587	60246	5259	40383	5877
7539	31685	24897	74013	32588	63751	22146	9090	49981	41195
39215	19223	10015	49922	50079	29218	28915	59246	48618	7722
26821	35222	15364	36628	38204	35895	27030	25288	27988	52591
69627	62057	7763	46632	54713	3959	24161	31733	48715	36461
4986	48468	73492	16767	24135	5581	52362	14559	33881	72613
38869	32285	65234	16158	13384	61937	40741	12560	16595	21840
67347	32192	53947	14613	39529	9149	34335	68748	4667	39530
74309	23275	43769	2586	32622	4785	27946	55136	55915	65599
51367	36845	22764	73074	63403	69644	59704	73437	60966	19093
49217	2017	23327	40538	37146	55436	45043	35978	70942	49058
61076	5292	55735	72819	31740	62064	24025	39023	17913	34064
66201	70475	1494	65989	5877	42194	28504	12918	49507	55255
43033	14443	50706	29182	25236	73502	17393	9360	43457	25144
20437	31635	15470	5088	37680	1978	34086	14334	36106	46714
39521	66021	37503	19776	39356	62682	65069	56237	71497	13238
67998	72413	23566	14638	105	40133	42453	35200	64066	13257
59206	42213	72029	72419	12135	73665	72735	8949	69332	73293
41674	48972	35956	10951	22898	61126	35199	12449	73746	3395
61951	35948	36167	30401	36467	46675	68863	22509	10163	10928
58985	69331	45576	11553	2282	7353	5373	52113	44072	70056
25734	14526	9272	27832	27398	31477	640	21875	62624	38965