29570	46730	44496	16611	6818	18712	25058	45900	31051	14715
29774	8261	41431	2891	40446	12682	36745	7891	23971	41623
25459	41571	18083	32589	41784	36712	21702	15148	17643	28060
20532	5511	46750	823	35104	24035	3457	34106	21490	5726
46299	19183	47910	20565	8462	9292	35158	41256	18486	42522
34454	4940	4800	18080	4485	13944	1440	27830	13660	47920
45563	28105	13649	23541	47542	4895	31950	18243	26857	8044
34347	9784	44751	5898	33414	43284	8050	14939	18222	1831
10815	19054	20640	34267	40708	16807	18393	26312	24955	13952
6528	45321	3472	35928	25089	39570	14252	40011	24321	11869
46	27927	17083	37823	36893	49107	1676	39153	40719	22833
16089	20688	22050	29597	34904	11505	36847	15295	7832	26802
19760	25715	18294	44879	27291	21441	27524	25909	43226	16227
21908	13195	24774	7006	48128	34407	33638	23194	41712	49615
5401	34117	31072	20417	44932	2413	19348	36291	33945	21052
34986	19785	40786	28271	29092	23095	11664	26349	9043	24759
40985	35956	17541	44820	4866	46105	17967	2673	40911	15900
8340	28289	42809	3663	27510	20230	45053	41220	46858	32309
13086	28841	43788	27267	17568	33876	37309	30555	11901	39363
33081	14225	46992	28982	2266	23030	35556	49644	16964	31086
11285	27149	43012	19577	49327	36825	4832	18175	39472	25432
37558	24873	40742	35986	44336	4901	7811	45753	9907	7921
8127	35836	48069	40948	22290	33928	47273	7706	44308	34591
3907	21089	36163	40317	48421	37605	24274	6857	15343	4851
19129	20567	39582	30884	302	23489	17774	44174	35724	36862
25995	9892	22853	18355	27	2238	23419	37249	36517	40945
43369	27013	40349	19224	35224	35281	48977	44439	18533	27550
38486	27473	38989	47574	22940	14278	12137	44305	18364	16695
24449	12117	45034	47011	31204	36729	29964	48939	26231	39211
31152	22234	22331	24012	24816	37967	49503	727	9264	5425
49630	48612	7905	3002	9516	16823	13979	13612	23459	8074
22729	26448	47476	9487	22850	37991	43967	48095	44436	36
41475	39462	42069	35211	20902	20827	3471	45259	30190	32439
17628	43361	40124	23877	11742	16056	14788	42106	45446	49103
15824	31037	36527	29423	38871	32502	1559	48499	9930	40506
35039	29319	23566	19122	42592	19405	7575	26670	49913	24114
1253	2698	45934	36426	49801	16685	39445	16438	24845	3474
37422	681	15824	18645	38583	45941	46432	2305	21852	21362
38602	49189	13750	41614	31896	3420	45673	20617	593	48926
7850	35708	31141	25136	18761	35715	30866	7845	36617	33623
49997	2541	18259	49639	21124	21630	48563	8528	42726	20290
49059	19135	37639	36493	48683	17572	20345	28247	24465	47716
21685	21531	23844	49296	8867	24434	19953	45211	31671	34686
20091	26196	40004	3977	29152	45675	43543	15864	33609	779
37068	30495	34293	26275	34146	26534	38460	7575	46224	20113
29330	9414	13482	16595	32446	21657	3618	36785	6187	17350
35139	38383	6982	30492	39417	12641	4443	49139	20578	26419
18578	32156	29028	48571	48385	8110	36450	31237	19085	11720
23307	46724	23072	12250	47287	25159	6692	24497	39747	49307
17916	17089	9036	29414	1217	48010	44339	43775	15640	582
17139	18165	17399	27654	32719	30771	44108	37382	17319	10013
12511	35664	39349	19873	23708	46372	41972	21380	36763	25744
14724	42324	29534	2915	22006	11840	12313	22784	40652	30024
37565	44361	21187	46898	3448	19868	1926	23263	33310	20138
35675	25333	48918	13443	19347	44053	29588	46201	10830	124
35375	48532	42473	41315	18446	25399	26235	32839	13897	31162
33969	4856	20491	15423	20732	21192	6964	9807	14482	12191
23398	12880	48392	17292	8813	32769	49852	1903	25995	26686
5805	33745	14103	31818	40957	47512	18077	35851	37968	14820
33105	45680	39926	14418	33465	17657	27508	33397	2341	5834
31407	29025	17030	22329	14303	10257	4824	37758	5778	27035
1234	32661	1727	40580	21130	44522	208	18938	16850	23524
1084	22466	12843	27100	37027	25347	32029	46030	48751	31866
9785	7621	7559	38462	44491	21564	22702	39326	23086	44245
44618	3215	34212	49922	28735	45972	12479	33663	38361	28498
49390	19982	28277	4890	41064	27599	11152	15849	7303	19111
5575	37783	48773	33299	42842	24646	33904	6409	22143	40256
25648	37129	14260	27483	9751	37415	35355	1635	23927	4143
45990	6539	27047	10749	45968	22426	47213	37404	25544	21486
27188	35349	43747	44091	10802	30504	23185	18227	44840	2913
33384	36541	9640	13862	3260	23728	11124	37595	195	61
24986	33496	36476	44403	43263	47273	7893	20600	2869	46349
29108	27049	32439	33706	18683	5391	6348	34023	20381	8077
43249	7708	34232	35928	38472	12181	49568	14671	19153	21827
26832	12756	40540	36634	7361	46478	33956	38687	47483	17262
48101	3031	49762	16353	41785	33836	32776	26387	20146	24958
6505	26654	40322	35006	10076	46172	19017	17425	35523	15308
46400	27420	14597	34328	31827	25624	1039	17437	26861	38059
3299	31213	41230	6853	35576	7425	41474	4002	24	4589
7805	12246	32904	9024	19838	3551	14319	9586	19822	28585
21538	48499	45447	2654	26729	36002	5107	23048	44068	45371
16808	9399	48835	6238	19093	13193	17678	12366	46015	27369
43476	20399	42854	5225	26059	7341	13633	11116	12548	4100
18438	2381	4143	7483	13886	20520	18885	36221	41615	47853
37061	20648	20985	11271	746	247	46913	22949	44933	19660
13516	16181	39715	25332	42982	46921	36672	39186	6279	16743
36924	404	39478	49961	42672	7132	13311	34665	20340	32203
10233	20342	21752	33861	13700	30410	33317	10974	14303	46341
11454	1332	44516	2039	36264	21789	2744	23112	39533	49088
2395	39006	32472	11286	28550	49485	38955	13674	21414	8155
28229	19478	13958	21612	21370	18672	31930	14573	2974	32790
40273	10262	33245	36358	38967	24645	29690	2996	11124	21773
35219	30365	49099	4933	23495	31907	11378	14417	2605	28560
19742	5140	43595	42231	27960	40466	11919	6512	27313	35850
31807	43736	9631	29372	47268	16120	4954	20782	48698	9474
20572	35819	16903	14364	22058	28657	10079	2235	27579	36901
5841	23031	9543	43450	15918	20756	3778	26284	1869	18325
2074	5023	48093	42161	30644	40701	37072	48437	30670	20186
8305	7230	49365	19903	25354	24785	24489	43963	990	13097
11272	29414	21901	15895	1558	11571	33084	37079	9167	21253
5413	10573	16074	26386	23548	1871	9475	48626	37402	10380
8620	8631	23813	42918	34618	46145	7521	36484	64	30190
30420	17381	26723	34194	27162	15943	27644	33834	47907	44620
1308	13470	6030	7334	46184	27210	1260	36697	29524	37625
32788	42007	24016	13834	17858	44772	20314	45292	10822	47653
15110	45208	17682	11972	46744	21266	13495	38007	13612	27479
24263	16050	44105	31867	33719	6157	46723	38513	12241	47421
30161	26349	42179	47570	2819	1015	12289	11330	43897	14837
10973	32987	12888	28877	26143	46037	33057	1580	11469	41257
34083	11428	15274	47408	40911	23947	28353	34053	45154	41457
35542	34135	24697	21570	44898	16665	36431	26989	27983	44941
47004	8861	31713	49804	37671	24912	18064	32688	30050	29365
28439	34443	14965	4166	48909	49473	16269	15376	31410	33137
665	21414	15980	41207	40949	31154	33491	35813	48577	44252
46258	30150	6525	7392	6097	29226	22034	28571	33581	19068
5247	21303	10083	35827	34420	25139	32968	5156	27913	23443
31113	28179	9651	24230	20857	17497	29532	3254	17458	28138
49300	7085	35613	466	14626	44606	12254	45864	48376	11784
40440	11587	35647	28291	36912	42600	15885	42853	48640	28190
9445	25728	310	4779	14047	6582	15250	12395	19595	43850
27931	16405	44262	18103	31372	14110	33673	4642	10557	6753
23219	12449	23376	1602	49689	47832	40400	16753	30205	25983
9878	10902	13534	29958	5702	8229	29869	22355	14244	40595
27363	24091	35967	15683	41054	14061	13798	3479	41361	46272
5333	21812	2686	44474	25561	9425	6837	12757	6595	33659
31619	37668	23219	22415	18040	1171	8061	44756	25852	6438
8781	4269	39024	35127	18329	22510	133	43005	10766	27408
201	9796	31772	31834	22635	21641	46761	4141	44082	34985
32025	14417	32008	40524	36397	33490	37060	44269	30033	48847
4347	20934	16515	19862	49750	28029	43110	33368	28012	25996
21087	31646	12956	5699	21699	2310	48264	9911	43595	9822
42711	14136	29858	12539	40697	30991	9411	11242	13235	11059
9922	2096	21322	1695	28281	8354	37985	42820	8390	9140
34542	21499	12447	40553	39137	36007	27772	11690	30798	4002
23094	1966	36795	16327	26415	7524	4172	20401	23765	6670
23381	16756	10303	16589	18100	21629	21013	9240	24200	45231
33198	7359	39188	1607	10194	38587	690	20400	33944	31522
8127	17142	4827	12405	17700	14993	38630	31300	23487	925
35938	10998	22718	13011	11170	11806	42848	24475	18379	7850
3845	19308	41033	13598	20584	8887	42058	23825	47996	46604
28875	9708	30265	13829	43572	33475	2324	34945	45023	22223
37540	45404	47192	31417	5638	12565	35240	46099	27358	29804
32190	27742	24747	25593	22583	15645	16970	13413	48932	17001
46659	35725	49315	1353	27608	48127	33155	45362	27790	26511
37098	42163	22316	40284	14599	33992	49344	28984	19912	12104
5177	16325	38909	15912	15961	24662	17236	12467	28327	13729
17830	35507	48564	27656	41463	29507	204	44700	26955	29010
1102	19568	26631	39722	44270	42699	2948	28156	15189	46616
11820	23032	40802	20315	31323	14326	40580	4253	46018	30366
17855	37867	27316	35458	31313	34674	32017	4198	21622	711
48367	3708	18236	19708	26144	37512	19427	32890	44959	3499
47538	33686	22658	32284	35546	2483	42692	39637	30469	41280
46991	1025	27232	26504	13847	40660	25759	46138	43403	13564
28314	36564	11682	253	8506	908	9673	17752	24295	28261
47777	37637	48578	10518	1571	48988	18810	9352	24116	39751
31292	9195	11147	30151	34247	4461	39467	45143	33729	30849
26234	40371	20369	42858	12813	9508	48782	11113	21635	42294
30421	39676	20820	24796	26763	26728	3429	46817	23484	8665
40230	36664	49472	14465	20265	1326	33837	46148	24679	21099
17409	38241	8310	43265	2881	36261	49879	25629	34143	25482
26527	20870	49073	29259	21470	37836	36337	33450	17007	17006
978	15589	34318	49164	32342	23952	8978	22046	43876	49963
1738	31816	12534	36865	9423	13636	39222	8587	7073	4769
49733	24653	30799	46672	20864	22749	25775	27306	607	1498
34166	3757	17576	49910	27105	22466	4308	5869	17620	19393
34095	16199	29428	25270	27492	27782	20557	39198	38808	40669
33713	46034	4140	8655	26736	24075	20177	38998	34054	35788
41241	46881	44223	43558	5870	43224	14776	30809	43129	3748
47367	18777	12609	27799	8402	23312	35655	42510	14537	49006
15430	9027	46327	19300	34683	27495	9025	35309	17358	7361
5611	14013	2197	40383	19028	44080	44010	27393	15855	6818
1103	33223	14300	10122	15137	27154	31340	47824	29605	8227
9376	8151	4932	38731	13956	28638	3627	14673	44126	34068
36032	22079	44572	9495	41391	3561	48483	32265	40386	45327
12553	15518	31001	35319	13899	11430	46684	45927	16722	5356
9073	36842	25775	26013	15626	6328	5642	45096	34362	9635
31438	3145	965	38251	22249	15556	26078	21357	36959	20630
37941	41965	32949	8969	6231	19495	4997	15920	150	36253
42737	48961	1451	29466	18588	12514	43061	45204	32967	4118
26280	28759	26822	35394	4418	20432	41917	35233	26988	32567
32045	44112	2828	29912	6546	37203	19033	36381	38125	2409
20622	13651	30560	31081	20146	40754	27750	13680	32151	48135
6534	1602	18909	16335	7203	42655	38615	12458	41867	12843
35123	43407	19881	17344	47011	28821	29457	10733	45774	11863
42429	23119	40033	41415	43491	48208	47386	43085	16183	2932
35356	27974	36663	41784	35487	44390	521	43031	37880	13042
25732	31093	7717	37363	35760	44490	20832	20950	19393	2805
43055	28663	41949	240	37150	48407	23889	30696	23847	33636
28654	48558	46438	16329	10116	16173	49978	48510	47242	45446
42353	43325	30922	49910	37792	16310	28048	25053	49676	21311
41593	4530	23930	19594	48975	47764	10775	1711	9358	42338
3031	27394	39468	141	40969	610	30828	21276	35312	42906
26724	35869	4036	16729	35581	4829	26432	48523	11521	6300
13813	37634	22135	23151	16655	43203	4761	6997	44879	10886
10186	20181	33273	9874	17355	18067	24979	3730	1581	40
12866	21067	26775	38098	10078	19610	24407	32852	34995	15396
11386	44533	39530	11257	31183	20291	40005	28258	42790	11692
44241	4187	42363	34312	27291	1482	14490	27103	33218	34813
17357	3137	3764	45229	3696	28931	37822	19384	34679	6163
35475	20820	46271	37131	37439	32123	17622	49334	47763	6852
42814	45568	11821	32652	39209	7932	824	49120	23388	47601
36679	39376	47363	1296	42278	46335	12400	30063	16918	12569
42073	31708	17769	18076	130	2040	32468	11925	11952	39974
40802	10341	43552	39727	46283	48004	31952	19100	170	32590
29612	721	44019	38672	20349	41315	40095	1991	1983	1099
9985	46233	41307	11557	2705	14448	8956	22218	10489	11373
6327	23126	28361	33077	45107	42581	29240	12806	38860	11160
13371	25686	33538	11936	4707	42455	42111	33556	13440	36539
14312	28209	27654	33745	20601	42194	22158	22891	18304	2994
7282	48029	24221	40562	32104	614	34374	43821	10834	30428
26456	26696	14561	21134	41349	47375	16158	30161	5286	41934
38070	1855	15515	12848	49415	47250	46772	33545	42786	1490
10242	8086	48324	2944	15519	15856	39769	35549	6604	14157
34331	16789	24955	47400	24254	2878	9207	22665	23799	33194
41827	9235	16364	23923	26003	15638	40621	3201	19229	20479
39497	36280	43927	9989	29117	44525	42730	6953	34592	4995
14204	12701	47637	14418	13370	42171	81	14571	34502	7005
44037	29860	38545	25537	2755	35451	13913	6753	43276	44067
6750	21970	754	7151	11510	27315	5913	44914	32	12907
16469	37182	33496	29763	41579	23316	48174	11855	15119	6801
44015	24880	47617	12964	2519	12885	36303	724	44343	36095
2661	20240	9784	13457	18215	42685	40701	26882	13087	11243
36971	6138	28841	39527	9171	14675	24967	18631	40887	4050
4646	28297	36805	20628	823	14422	64	38274	30891	32703
33634	4063	40694	31630	20360	30427	22228	28288	9308	36016
1016	919	10371	256	49741	47933	19005	19236	41340	44518
15799	43803	21147	45237	36284	43202	25109	33910	25360	29088
40983	4576	9266	43519	14169	13667	45178	2073	17434	45300
7956	23054	934	48391	37398	469	32011	46270	23589	18844
26702	32798	17673	12431	31709	23545	2113	36181	3178	14126
24327	13365	44961	31781	38159	33145	29864	41410	13261	11169
23519	46758	22414	1514	11609	9281	44612	46865	19571	24264
15638	25117	17138	4905	231	2348	17991	6050	12637	17337
20741	36071	48313	13927	25669	20574	153	6817	3240	49094
24752	17316	40920	40374	42658	45601	2667	41279	3041	16616
665	22930	5604	18764	32084	8616	7555	37310	24894	18652
6016	34390	1626	24773	5446	34317	9630	42792	37223	4834
1093	39075	26755	33237	9858	5158	15781	20729	33178	37670
35726	49019	26309	198	48168	6175	26829	18936	32446	16642
39361	39305	27751	13498	22756	37304	1886	47846	45071	40993
21628	35716	21874	46910	37257	23795	39958	14823	27114	12130
10003	32373	42491	33756	34266	41619	3557	15378	33026	39321
40	1675	25896	34182	2947	48347	27418	14246	5373	34862
48502	38241	11547	6929	25452	25262	32365	28247	4066	33131
34634	9953	14275	41217	31585	39200	19114	14315	44491	49508
17592	28646	28563	3876	19525	33425	12910	5383	29957	30670
36389	7200	43121	8460	31410	34142	35063	17123	34528	19451
37041	39256	34400	40264	36112	21293	40112	40281	44279	15469
43231	43558	17315	439	6612	40478	20778	7480	27028	25418
18421	29855	4546	7749	32038	3265	48376	16512	18743	35754
2126	35432	35188	22628	28611	45586	24535	33718	29954	47396
44680	4296	33765	6409	4079	39948	11060	49008	34819	11365
22242	28933	6279	17869	39835	28854	15946	34820	45804	17841
45933	49008	43473	21210	39667	17941	36366	17351	41155	11726
45465	29445	14585	34984	33028	17698	13818	43296	43602	10984
25414	1169	9526	17099	29765	38714	27162	12261	12890	40478
32005	42118	34443	4440	39042	23443	33243	32721	36366	15846
8691	2594	21315	34040	8592	31852	14521	4070	49167	11629
26363	24114	6147	37760	11814	26335	12364	36041	15742	2263
9803	9717	43437	41798	42258	20889	32569	35604	23728	19741
6805	16744	44805	47214	48734	23907	6610	31039	24192	26690
46109	46474	1646	41460	15308	20548	29849	6875	49126	30573
21414	37376	27104	12532	800	38503	29560	41158	3079	20024
16972	46151	12793	21968	318	40349	18745	6662	6745	46458
49686	44511	2752	42645	2984	36102	9593	35164	41907	22582
44943	33526	12580	27284	5769	23847	34363	43644	34441	48904
31389	4690	16061	17218	28554	21030	41819	43270	12271	42417
47190	31182	11031	46103	30829	27427	32549	40052	7202	5141
31009	32170	24768	29801	1200	45888	26435	48262	29798	19454
9434	13409	37009	7653	37671	4469	49053	22965	5377	17392
18237	15909	23964	8584	27095	34968	46720	4252	26094	20996
18574	45185	13150	21570	24343	25890	36258	6262	32201	44447
45816	49974	18024	46920	8605	21207	48037	11749	22826	46460
37524	2309	48400	41283	8280	7995	38197	47793	24647	7033
48094	7946	46816	12046	23948	46496	7282	5920	14316	19477
6063	25898	27218	11278	48113	37075	28383	25623	24943	31471
4563	27489	20148	37435	37262	26080	7697	16357	2125	31816
26870	19980	26453	1374	3667	6431	21252	18195	23079	18638
18831	44806	30961	37999	22040	2029	6604	48787	17017	12022
24035	30891	1382	16241	5517	26331	38784	39964	20966	5365
41502	44199	46209	47950	16389	13309	9974	17406	40155	49428
29944	4788	42689	13432	39926	27688	40276	46296	6509	26396
31496	18717	11895	27711	24097	13291	41276	48156	42148	48588
5812	8351	6819	33045	4667	18942	42799	15812	2620	35343
16771	6540	12463	15521	33123	33785	33951	1756	15422	35139
7470	175	10063	15406	22219	13260	824	46699	19270	41015
38264	5135	23555	35482	31849	19773	27116	5004	14091	20938
35551	705	43911	46273	20721	25755	45311	15312	10349	31500
3135	17799	4753	18639	32765	11544	8304	5549	28505	41801
14137	8658	47033	40717	35555	17699	42782	45489	20249	4549
39204	12654	139	47989	2850	19251	31933	9963	34050	32364
48014	42716	20553	25186	21340	33795	27506	35985	5809	27949
29478	18296	48608	26544	7482	13880	21559	47634	31767	2723
32171	34552	34309	45816	19487	3450	46826	16063	49557	12926
39277	22446	7381	23289	17890	39208	11990	36670	7706	798
48551	36655	48091	2048	39561	37583	44703	23850	15570	1065
38381	3279	28414	8595	38205	41518	35869	8029	664	26548
359	5322	47874	10695	39639	29108	24464	47036	45832	35254
7840	29939	31212	29710	18397	1210	20639	55	13588	49364
47123	36000	43944	528	14134	48464	12691	39394	12865	46864
30832	27126	41582	13883	5107	23098	8632	346	11937	5337
27088	6165	9870	4698	16072	39138	14688	47457	32943	6354
49194	48793	7573	115	17947	45481	33240	48305	29957	40343
47675	10150	5610	14329	13800	5020	28163	28223	36481	7488
10676	8785	49488	33230	21633	22515	40831	8365	5712	43214
35354	26002	44867	46071	2775	45298	10109	7966	19691	33739
33580	4232	49657	19014	34872	11906	22220	44942	25896	657
7895	18799	46465	42174	38040	18232	9592	40742	43518	20726
9421	43966	6570	31836	7940	2670	13417	31854	13239	41906
34134	3459	49610	1483	16419	15665	4983	26445	48102	12777
24501	13450	13843	22765	46921	8238	48245	30767	28893	10112
26747	30233	34301	48087	48629	44014	25999	25031	2225	10677
32219	38035	20342	43684	2427	13910	46088	29327	22944	19981
8899	41513	8305	9619	3251	28649	17054	2760	8884	37189
28997	34745	46114	29362	49098	3285	46459	11574	29304	7069
3661	48353	32392	23765	34965	25351	2536	26675	16861	42715
47379	3229	17767	21195	45598	19493	38718	5475	36248	1264
41568	45995	42542	23655	23453	20543	37398	35101	704	8319
27527	9457	19847	20596	24799	37434	39632	2944	11648	28683
14153	34710	48610	613	265	32094	41670	10603	39815	37844
8091	4791	36155	41960	16928	19747	226	22716	42015	13540
29121	40309	40847	31310	4579	30963	4079	49246	5233	21830
7638	9748	44653	14978	10521	11817	37395	3060	32631	8181
43066	23539	14133	42881	28280	42482	31605	23615	25787	27440
1626	8644	15242	42980	37867	45663	9831	2772	32536	7779
49109	12409	25252	15911	36960	42303	29291	28940	41505	9482
30220	20484	14226	39646	30937	39533	2487	8327	47889	33652
41969	25444	22320	37229	29234	39446	10430	49685	24830	16957
42112	16810	7265	1602	47104	26097	33782	31329	38397	43039
32987	23295	45144	41753	22819	47841	40537	5295	22597	21037
34647	30621	16882	31205	15001	22000	134	39775	22217	41642
10548	33384	47152	25628	7568	26436	29125	36635	18903	20236
33664	2418	8607	13577	46069	45126	2328	42215	4459	9069
41551	19667	6980	27440	3974	46195	8667	9263	491	25373
14135	37652	28964	16753	46815	8230	15741	46170	34215	15164
42733	44594	18068	33853	28276	12726	24775	5409	983	14764
27711	20675	46768	25542	23591	4537	16971	40694	33276	26427
39585	9768	40158	45812	40214	47007	7883	30986	70	32906
3237	47444	23119	23288	42780	30118	31934	21093	16776	43749
25857	37064	23198	8276	25142	37120	6612	33001	41053	4195
32805	40146	32623	40980	40167	36646	4035	41072	14872	48759
47038	7953	19623	22238	12015	47733	13149	5513	39811	29130
38473	17483	13953	15469	17568	13606	33644	45056	24952	43653
21621	24259	24364	1447	36169	17887	40165	20396	28157	4722
20969	45190	9895	45096	25032	12707	28495	39374	14647	26594
45170	24169	2746	20742	34907	5272	28343	25879	29967	14002
18017	16441	32021	40659	14333	24040	25658	26006	36333	47365
31613	41629	37571	26287	1409	29193	47778	35594	44324	13790
21707	9867	9251	21256	39888	33085	9723	12540	15705	26725
5592	14235	35549	1161	20240	12649	18800	25445	20588	40274
39564	9712	43810	25938	16155	2454	15482	17763	20873	8020
21999	27991	8446	30652	13621	46854	3039	20530	40992	13378
25572	20906	15959	22323	13556	17826	37598	26011	33456	335
31021	10132	48620	40710	20977	10866	37449	14252	17272	42845
41128	27091	26264	8865	37098	12704	32731	46754	32700	2125
9058	10860	2095	14829	9919	9181	42108	42613	21293	14211
40514	18146	14176	11138	15559	36390	45655	5988	45554	14706
15226	26639	9819	186	25930	14838	48938	25232	7418	46516
24526	2948	18668	12970	48621	30113	41525	26352	32754	23725
26086	34496	7620	11941	11939	27648	33199	30373	42824	370
4298	30854	7148	45463	20312	2559	1368	2743	35404	43966
9290	17289	40565	5888	22051	16918	41846	20150	7839	44727
22546	29426	31481	45040	40452	43623	6377	12146	5547	48550
5554	30586	37294	23268	43517	5134	36496	1256	48894	22080
48528	11690	34047	46590	4824	226	33086	19331	18159	4738
33062	40112	14720	21864	11021	24240	38827	41159	20060	34170
9676	15138	4200	40956	7726	10841	45426	40132	38306	36166
15871	37213	11671	15596	41883	30632	9971	37595	33984	29446
14675	11191	36343	32490	42976	14377	41106	15338	3996	11688
30784	8815	31365	11874	31572	32800	9864	11157	48589	22568
15531	40995	39599	24237	27908	3066	11787	36526	27072	6721
41789	25153	25524	4510	8042	27455	30551	38761	3971	40549
6897	13789	4409	49001	17612	29041	33567	4756	81	4162
44848	2487	43626	21603	35089	14953	24810	34654	48157	9833
46085	28380	6199	14360	46164	47726	49571	42552	12099	40059
32645	48248	42287	43431	27676	43874	28607	20449	11550	8821
22501	17765	24688	43586	44102	15063	20495	48296	1197	3178
35251	24599	6058	47068	18230	22205	22232	47948	296	32271
4005	18424	38285	6016	32009	7448	27033	30100	21291	13514
44217	15694	17461	7406	33865	20708	44711	44915	44702	8629
48984	29980	39748	29688	939	31703	32528	13701	45147	17805
28732	38613	19464	14743	26873	17433	17387	22211	35054	6971
30154	21347	47253	2119	35888	24161	16051	37213	3266	14890
6738	2881	48175	14471	22946	3276	3396	46453	24199	38986
6183	45754	7279	17721	32801	31542	22792	20543	28790	2267
8299	40006	41750	19177	19179	27403	9697	42332	23062	5721
29990	19079	45159	23279	16224	34677	11861	44159	19363	9851
8425	9202	35406	7794	15741	5514	31283	39111	40517	29634
32474	34436	33679	49736	32948	510	24929	48509	44346	47171
12338	19635	12129	34289	1501	9719	30787	33044	13560	8097
27945	5111	21878	15074	46857	21165	40636	37144	19328	27141
17000	16642	41068	28419	34567	37113	47084	49552	46155	3353
21724	17049	9677	10768	34460	2379	48344	7960	44634	49708
43149	15070	39102	3359	27154	17189	33853	11376	30730	2936
42898	104	3778	34063	37811	44076	12106	26242	33243	440
43627	30310	31449	11943	3579	15708	41771	29216	20693	20421
13531	37111	15936	47439	46281	45642	43269	17276	10285	35606
20283	31065	18573	37460	35600	34805	30173	21478	30763	42460
662	912	31524	39188	20228	25792	33694	20938	19714	3147
48081	41754	20658	14711	26799	30210	3453	19287	36660	33786
33649	43222	18545	13587	18626	36997	44884	23606	6979	6696
32014	41025	22560	36748	38244	8874	18029	23906	44635	42549
24897	23142	41196	23268	13868	28426	41815	6834	13399	43021
46708	5778	24656	38667	93	6421	2687	27561	6987	1653
14204	1003	30952	29642	34447	31042	43205	4891	2401	10135
47529	20293	48692	21148	9078	41275	21482	7296	4903	18343
20024	6500	31867	43854	28208	3958	49072	34776	38599	28327
33579	13582	30399	7054	30566	45712	9642	17405	37603	43533
46173	39840	8886	16452	42273	33692	14737	34662	19901	4247
22223	45065	36707	12043	21894	10973	46916	30867	8921	9789
26976	18977	38898	48310	45588	41029	17361	19865	43025	43853
26646	27582	531	1203	35348	8404	3622	19337	38410	14041
10311	27309	25775	29698	10662	14711	48547	23547	29586	41575
7718	706	4515	38005	41771	40647	32027	27634	7221	47105
33469	17864	34928	35401	1421	49836	10311	24488	41176	9197
15082	7444	39374	2879	2900	18323	11308	15472	22399	35550
31483	49491	25100	4241	18549	40943	28834	38654	25034	1340
45344	31798	35945	20104	33479	6239	32472	28403	46240	1028
8498	35187	47527	7865	10369	15504	20581	14412	15520	6239
43031	49717	24849	22318	8236	39254	15066	5931	1013	43858
18685	3506	40617	3052	3460	40414	26927	3164	13529	44161
45750	32000	4018	39460	23668	17155	43396	21079	7738	43389
49429	31735	41046	13736	7764	19501	34190	42257	15081	49062
31474	23258	42386	2666	41206	921	44511	18039	43545	5927
1287	33688	7904	18396	25619	604	3160	41735	14448	22903
5451	23205	4459	5347	44838	13514	25491	20616	26928	3543
9490	17546	18478	17041	21207	2929	5221	2472	20013	26510
29423	35015	19442	30980	46373	10275	44005	14328	40404	13220
35308	5277	4901	27777	4651	3819	7591	16174	37059	28711
30437	38397	39654	37574	42045	29579	6515	31732	37213	38525
12949	30257	27360	14604	42229	29500	22492	6339	37527	8934
433	43207	4005	39086	36981	31879	28060	26567	21802	19289
47502	15699	49092	48379	10843	5891	1069	10364	14869	36793
8425	26600	10605	6377	42986	40074	15386	15543	21429	13448
46374	28660	47272	39761	15465	32706	8668	17564	26602	30325
8181	43695	32488	48645	1457	36232	37712	39120	1264	44004
5	42950	2556	26975	15991	883	14289	49074	47505	29092
36877	37520	23440	32187	49264	1341	43636	13667	21840	19270
31287	2700	23214	32136	18018	21630	42162	8725	39807	25929
18120	43893	14711	1517	41816	29908	24593	17371	45495	34185
9926	1822	43418	40151	27794	31489	39129	10515	42507	25264
29447	15053	46122	39242	28616	10369	34974	40715	43056	6986
362	9622	37667	24173	27191	11862	11242	15004	33823	38742
2341	12634	43100	11730	49276	38384	15646	10793	36241	1279
33788	25401	3188	3714	30137	15935	11039	39093	40123	2045
32601	6346	22481	14026	13337	33494	35622	39427	31891	32134
1083	32381	22676	33215	28948	42189	17869	9026	33199	38971
29783	20313	39171	33797	36960	44086	17553	42507	2193	36470
2203	6541	8796	29040	468	5687	15767	10477	39882	21045
39722	12363	44198	26346	490	15803	15509	39029	6169	31502
4359	32442	28448	12079	10783	34668	14601	14670	17364	11396
38109	5052	33685	39631	23436	4988	47912	2367	11518	14928
7905	43348	36650	22585	44551	20740	13053	34184	41349	9798
10951	4961	16556	1247	5671	34025	19460	12374	101	40179
2743	40537	11266	26521	42105	20105	18451	49648	2033	14811
37601	7415	37349	25851	33715	35280	23772	4329	24866	23237
41327	21264	10370	34105	25666	30088	35420	12678	14576	41456
4446	37541	42034	38644	25315	18105	42892	14960	11361	45044
35864	22036	9023	21383	44673	15175	25381	43476	30323	33513
15756	18447	45610	3309	36608	14221	389	40001	12912	21601
29131	33930	29685	3683	39940	44186	44243	38850	20798	7352
46904	5452	1876	3895	22081	14808	25124	20079	27651	44665
38445	8708	33756	49277	15491	29513	10853	32401	24091	28123
1849	38546	44764	5297	11497	42847	23210	33674	44272	1884
16873	12288	42059	27890	20940	336	8636	44027	31844	17811
26586	35068	33303	33612	10799	26976	24841	41901	30256	7586
33366	5868	27108	30443	14108	38589	23319	45024	1801	7801
11575	48866	43115	22622	19286	782	1407	16683	5138	13611
32997	3087	4595	10496	46403	35104	23934	12543	27442	40143
14179	33030	40807	13123	44057	37696	36338	44451	20232	2031
16260	1554	49781	5478	18264	595	10511	31148	31651	22176
15601	3454	34063	35095	14138	35120	27744	40193	2726	4173
35974	47173	3014	16626	6463	14047	8846	42676	25748	2448
44475	5624	45117	32923	38339	36101	48354	23105	21335	17099
33130	46625	12062	17771	20707	46254	30792	8427	38242	25978
23241	43294	13689	1010	49050	35539	43978	36142	34285	45366
2129	5950	37441	8889	19219	17521	44289	6316	14538	35273
42641	39298	25457	20518	29125	454	8446	49192	15466	38700
10745	47309	12804	12708	16208	12367	15268	26441	4891	22473
8551	39522	21859	7061	33441	48026	20455	21783	11409	21409
14654	23544	29032	370	37422	25757	14170	47546	12279	43491
3738	25362	8362	6619	14832	45851	40456	41440	39874	16140
39868	32568	14228	13400	17125	39650	33408	2951	6486	10686
8841	9177	46909	21959	47785	12349	30736	41582	4376	21795
38652	10052	11253	34904	31889	23754	28994	24135	44832	42525
17861	6927	35436	29289	22090	14429	36608	15604	34194	33572
33571	37625	16251	11533	41611	27963	195	44695	6035	21386
6585	26684	37045	16506	16923	9766	35854	5874	37221	39714
6198	17228	25101	41476	45947	47699	38744	43689	41322	26073
10665	23888	8621	10569	27384	37081	47089	12629	2590	20064
17561	18125	16506	2785	48770	30708	48946	33937	2735	37033
31377	8402	47135	3785	32653	37868	38985	45763	45647	44425
22250	11791	363	42987	2156	18816	34143	33105	19487	587
11930	32415	17490	3614	38579	25693	49652	37011	28363	33807
24814	31043	48868	41734	21979	18280	7424	59	25749	38367
41578	8689	20736	3229	40565	15104	17881	2774	16273	38816
110	24634	28397	8166	46197	15921	32400	36148	22965	11430
45880	14079	586	14103	2846	11951	48274	37278	28607	45899
37797	1036	8500	34175	30694	15092	48962	35109	21200	567
30148	17077	9769	35230	16138	8508	47866	14007	1863	33601